Size: 128
Workaround: -55,9 canvas
Path: m0,0 h0
Style: stroke-linecap="round" stroke-width=".85" stroke="#685d45" opacity=".4"
7.93,90.94
18.48,77.05
21.12,58.63
22.73,80.01
23.66,56.48
28.12,31.11
32.35,19.78
32.50,103.96
34.80,64.33
39.65,33.22
40.71,122.11
42.76,23.54
46.05,7.35
46.21,75.76
49.22,30.55
49.74,65.01
55.50,70.35
56.02,108.71
58.21,95.11
66.03,83.62
67.67,33.18
68.90,30.72
69.21,113.90
74.07,67.50
76.78,40.12
81.04,67.19
82.31,104.51
86.34,25.57
87.31,112.21
94.32,12.33
94.57,101.57
97.26,75.70
97.62,37.48
97.70,53.12
100.10,126.55
100.72,63.41
102.71,62.46
110.60,52.39
111.65,58.26
121.22,85.51
124.05,9.63
124.34,58.79
126.80,8.40
0.63,121.72
0.98,62.86
1.51,17.34
13.66,108.03
15.14,51.18
26.42,33.97
30.08,54.07
35.16,108.27
38.11,71.62
55.67,78.83
55.73,90.70
60.35,117.37
62.32,63.59
69.76,17.10
76.12,66.66
86.47,87.58
93.01,70.52
97.16,49.51
98.75,79.26
103.82,13.10
105.02,57.90
107.45,63.16
110.04,91.89
111.64,21.46
115.45,85.31
117.63,50.74
118.11,72.14
126.93,19.13
1.99,6.24
12.60,76.14
14.37,48.24
15.69,113.36
21.85,124.45
25.20,124.81
25.79,62.57
29.86,29.53
31.46,65.07
34.84,44.98
37.35,3.17
39.69,67.69
49.80,89.69
53.14,120.45
57.74,19.79
58.51,35.94
62.68,61.40
63.44,17.41
65.57,121.38
66.79,38.32
76.02,17.77
79.49,13.00
80.92,50.95
81.16,6.06
83.07,86.43
99.53,53.70
103.11,95.71
103.86,27.75
104.60,110.75
109.63,69.92
114.19,31.66
116.19,66.97
119.66,51.11
123.03,88.91
125.12,81.19
125.75,83.40
1.14,0.73
6.41,105.97
9.85,48.93
17.04,106.85
17.77,88.16
25.72,15.05
30.48,80.92
39.80,51.14
42.90,91.69
50.74,113.71
56.01,47.30
59.24,4.76
61.11,114.74
61.75,87.02
69.08,90.99
72.18,94.02
74.03,50.15
74.66,30.59
76.08,42.33
76.29,5.67
81.17,15.08
83.84,94.05
89.37,29.82
89.75,105.00
98.02,81.39
101.56,101.86
101.61,73.48
101.99,91.18
103.25,92.66
108.08,112.57
108.09,127.03
124.36,90.56
127.13,120.03
0.04,71.30
1.32,108.28
12.39,12.23
12.96,36.99
14.21,43.76
14.54,22.37
21.34,73.55
29.38,126.90
30.77,42.86
31.15,117.94
33.97,5.45
35.78,119.50
49.77,24.29
57.21,34.19
62.95,80.40
63.20,39.81
67.55,3.23
67.70,124.19
68.85,106.43
70.55,60.55
74.03,112.56
84.28,57.76
91.59,105.94
93.06,3.16
101.43,96.95
110.59,3.14
110.76,19.18
112.63,12.72
114.08,81.89
115.33,56.06
115.55,100.28
119.06,10.17
127.82,5.81
8.07,25.82
8.19,124.98
20.26,87.80
22.66,89.05
25.15,7.01
34.13,102.54
35.87,74.70
37.65,49.81
42.57,25.78
47.35,73.62
48.23,59.46
48.89,43.76
59.80,66.03
63.72,21.03
67.37,21.50
70.45,25.35
71.17,56.28
71.61,78.64
72.56,115.47
73.82,1.18
74.35,88.74
74.45,74.45
80.60,55.87
83.45,124.39
92.25,21.86
94.96,65.16
96.46,35.54
99.51,19.76
105.82,19.68
106.13,4.88
106.41,7.63
108.90,104.23
109.52,120.93
113.19,1.15
121.73,49.36
122.69,102.51
126.22,37.43
1.79,23.57
5.25,86.17
10.76,10.75
19.22,108.82
21.02,91.12
25.13,10.26
28.80,56.33
37.39,64.44
40.96,42.71
41.89,56.45
46.75,102.96
58.90,52.57
64.60,73.93
64.96,89.97
67.22,118.23
73.53,20.51
74.01,99.84
78.62,74.79
84.02,119.51
89.68,63.67
97.29,93.18
104.08,83.46
106.68,71.13
113.44,115.26
115.09,2.89
115.55,39.78
115.83,24.36
118.16,100.51
118.86,124.31
2.97,35.70
14.95,35.56
15.45,98.95
15.55,16.62
15.98,20.79
18.35,18.49
32.95,66.45
35.97,110.57
39.17,14.62
40.34,23.25
41.53,36.97
44.61,63.46
46.83,127.39
48.48,26.03
49.59,118.06
53.25,44.69
59.62,71.84
60.17,6.33
60.80,108.70
62.63,116.29
67.83,35.72
69.42,41.37
69.55,8.86
70.99,70.26
71.48,42.68
71.74,62.86
79.26,69.31
86.02,110.28
94.14,56.90
94.46,74.26
108.09,42.91
110.80,7.31
110.99,96.99
118.13,1.67
122.90,72.05
126.15,100.93
127.28,39.18
0.54,25.28
2.83,60.98
8.05,43.23
9.28,16.47
17.72,80.62
18.07,22.02
19.43,79.27
21.26,44.19
22.63,32.84
26.74,44.18
32.84,35.20
33.08,77.13
33.70,21.70
35.25,35.43
36.36,92.63
37.89,52.10
46.95,16.50
48.27,62.26
50.36,81.03
50.43,27.18
65.01,8.10
65.14,19.42
65.84,1.57
67.56,51.43
69.93,92.97
72.38,110.68
75.34,97.36
82.57,46.82
86.46,81.40
87.83,95.95
91.51,72.25
96.78,39.43
97.73,68.72
97.90,89.93
100.67,32.18
103.86,23.47
103.97,44.38
109.25,10.48
112.88,46.30
113.00,70.17
113.17,62.97
115.58,75.27
116.14,12.74
116.83,48.92
118.11,25.96
120.26,26.73
121.45,125.33
122.44,12.95
123.24,22.51
124.73,23.75
10.69,70.04
12.55,62.74
19.82,56.40
35.80,79.01
40.06,117.44
40.43,63.97
40.69,106.45
41.56,108.79
42.69,3.50
44.49,50.04
45.34,13.22
53.66,114.77
56.79,85.50
57.96,64.64
60.04,101.81
64.11,13.30
69.10,23.40
77.13,53.20
81.38,86.19
84.30,87.71
97.05,6.26
100.73,117.74
101.99,85.70
105.48,31.84
106.54,10.04
109.31,40.85
117.91,80.35
118.98,126.08
121.54,21.77
123.10,63.04
124.62,47.12
1.74,72.77
4.03,67.44
9.81,87.31
14.16,18.07
15.65,13.02
26.12,108.79
29.16,116.22
30.13,96.41
31.68,39.38
34.69,122.81
36.46,102.23
38.41,24.64
40.08,124.13
40.48,93.60
40.79,72.71
50.66,11.02
51.41,72.16
51.53,63.96
53.97,101.77
59.70,63.63
62.79,122.43
70.11,101.10
79.13,95.17
84.06,114.00
90.60,47.74
90.96,77.36
94.85,31.66
96.79,122.69
98.90,22.21
99.97,24.21
108.75,89.87
115.43,44.31
118.14,78.39
119.99,73.99
122.21,104.71
126.28,58.06
7.49,47.81
10.60,78.04
17.12,90.56
21.53,127.11
28.43,97.26
28.76,104.29
31.61,120.42
32.86,91.15
34.88,97.46
37.18,66.72
47.35,21.41
51.82,30.97
52.07,25.12
53.48,48.29
55.58,29.91
57.83,48.06
65.27,79.83
74.18,17.28
74.28,47.71
74.63,115.96
77.24,78.77
78.96,103.72
85.74,89.82
86.19,23.14
86.73,103.96
91.71,33.16
91.72,85.15
93.62,20.19
94.30,98.41
95.07,29.49
98.03,113.27
102.05,41.91
103.16,117.65
103.31,78.67
105.86,42.47
111.61,35.07
117.50,59.03
124.07,11.66
126.89,41.98
127.22,51.28
7.94,85.78
10.04,28.98
10.44,44.51
14.81,66.22
21.68,46.57
22.24,2.62
26.76,92.91
29.66,84.13
32.84,24.61
43.73,80.14
46.76,117.96
52.34,122.85
53.88,8.35
53.97,24.27
58.59,93.01
61.44,104.17
65.82,33.20
68.70,12.79
69.93,115.69
71.69,117.26
75.29,101.67
77.20,28.69
83.32,51.72
91.71,121.62
108.34,54.04
108.54,65.08
121.78,51.33
123.65,33.15
2.11,28.44
3.99,52.69
5.15,54.74
6.93,78.86
7.60,88.57
8.42,66.70
15.04,83.76
19.04,69.54
21.52,120.26
22.79,65.70
31.19,86.05
36.78,105.14
39.28,74.72
42.58,28.11
45.58,72.67
46.82,3.89
47.01,54.28
48.53,91.92
49.38,67.44
51.81,12.88
56.14,126.44
56.25,75.97
60.15,57.92
62.45,118.24
66.03,28.57
71.90,7.09
72.01,86.24
74.02,84.13
74.71,69.18
80.76,35.77
82.98,13.82
87.01,93.80
88.13,90.60
88.56,99.68
92.07,51.04
96.59,9.73
97.32,101.23
97.97,61.46
102.01,83.83
111.20,99.02
115.57,8.79
116.14,87.89
119.72,19.84
10.94,74.38
13.31,7.62
17.67,71.71
19.33,62.87
19.52,74.91
21.69,67.21
24.41,127.69
24.53,119.69
30.02,109.51
30.37,4.23
37.49,17.92
40.31,95.81
43.47,30.64
45.24,126.69
45.32,34.71
46.09,28.51
47.27,44.78
50.95,106.87
55.66,37.35
56.94,51.83
57.45,37.83
58.46,127.34
60.71,10.51
65.17,37.55
67.47,87.35
68.49,15.07
72.45,71.27
74.17,63.09
76.39,95.15
81.26,17.28
86.79,101.49
87.21,28.00
92.72,31.24
94.50,72.49
99.11,120.02
101.70,6.22
106.29,55.25
110.96,56.34
112.99,110.46
114.88,71.91
119.23,108.44
120.16,69.37
123.93,86.26
127.28,2.82
5.85,76.81
7.25,108.77
7.49,99.74
7.64,69.06
7.70,41.23
12.15,118.00
15.31,62.55
17.25,60.61
18.77,43.51
23.87,69.58
24.14,117.53
24.62,2.06
26.17,89.45
28.72,92.09
37.15,7.78
37.78,28.59
38.27,89.91
42.60,106.09
43.88,32.72
45.01,113.19
49.30,1.80
49.58,70.01
50.85,55.86
51.50,38.04
54.49,32.70
59.70,81.20
60.53,70.31
64.96,63.26
67.47,101.34
69.93,1.59
75.88,109.25
79.26,30.24
80.24,108.64
83.28,102.04
83.76,32.70
85.03,21.38
85.29,52.83
89.86,35.41
91.91,90.85
95.09,33.81
96.40,66.85
99.47,85.68
99.93,99.49
102.59,39.91
108.18,61.09
109.02,95.34
113.76,104.39
115.44,95.05
116.22,113.04
119.65,28.94
120.65,79.74
121.95,76.36
122.29,7.81
1.43,125.98
7.83,114.83
13.28,99.76
16.73,78.62
18.93,26.47
22.82,72.05
30.18,6.02
35.14,25.40
44.81,42.26
51.33,120.33
51.63,21.13
55.57,102.67
56.71,10.23
57.88,57.84
62.08,125.10
62.12,69.38
63.41,6.83
70.19,52.51
71.00,89.89
71.64,21.35
71.85,26.96
73.76,32.59
83.66,40.72
88.02,120.18
89.06,124.76
93.38,44.72
93.40,88.95
97.95,73.57
98.47,46.25
99.72,8.37
99.91,74.59
100.77,78.70
102.06,99.28
104.27,122.06
104.39,34.52
106.27,49.62
106.32,44.71
109.06,99.06
109.78,83.89
112.75,49.33
113.99,124.11
116.53,57.75
116.70,17.81
117.55,119.65
0.02,13.81
5.98,17.02
12.80,83.83
17.76,63.55
18.60,41.53
20.01,39.33
26.59,41.85
26.72,67.29
27.32,88.22
33.12,124.65
35.86,69.63
36.77,107.02
38.34,111.25
39.18,86.26
41.03,91.79
41.95,5.78
43.37,97.27
45.35,87.97
49.42,97.31
56.05,2.26
56.29,111.69
61.00,30.68
65.01,57.74
69.07,73.34
71.61,14.72
87.20,15.12
87.43,118.16
93.17,124.88
104.30,65.28
109.41,109.82
114.40,60.76
114.76,65.64
117.81,38.79
120.18,119.99
120.59,31.28
120.66,46.28
122.65,47.27
123.68,84.17
124.99,60.87
10.16,40.05
10.97,85.33
20.01,71.80
20.36,81.26
21.10,40.68
28.90,89.75
34.61,61.83
42.36,48.43
44.70,44.87
58.24,25.63
59.80,125.49
64.68,86.03
66.58,95.37
67.79,120.33
81.19,53.29
81.70,74.05
88.39,26.17
88.70,122.65
89.31,15.84
89.62,40.48
92.13,10.89
93.29,59.39
99.84,33.85
106.23,14.05
106.91,21.75
109.02,106.50
110.90,124.08
113.88,97.78
118.32,121.93
121.30,97.67
122.18,109.54
122.55,92.42
126.98,124.38
1.25,19.35
1.27,94.71
3.72,88.72
5.77,25.87
7.37,50.13
15.47,56.16
15.84,7.98
23.49,8.88
26.06,99.21
27.99,74.21
30.41,62.06
30.49,74.07
30.68,19.04
31.02,16.81
38.07,9.94
42.50,63.15
43.56,85.69
47.34,19.36
62.40,120.38
63.21,72.10
67.85,0.62
73.41,65.11
78.89,101.21
81.75,122.00
83.09,54.29
88.25,109.76
92.64,67.46
94.95,49.10
99.13,30.17
102.59,16.87
103.93,52.35
112.82,65.80
117.33,27.90
120.25,5.87
121.79,87.35
121.96,25.24
122.83,1.28
124.76,73.97
125.12,1.29
125.26,17.24
126.05,56.18
1.62,38.47
3.68,95.39
5.96,110.39
6.33,116.79
22.38,4.41
23.77,23.07
26.20,76.61
33.24,29.99
33.34,37.70
33.83,71.23
33.94,50.20
37.66,125.91
45.57,57.98
50.97,9.50
57.00,96.98
57.27,54.54
66.10,14.53
67.16,19.34
67.46,74.62
72.17,12.02
74.39,55.60
74.47,44.48
76.95,84.60
78.01,124.11
80.53,58.93
86.00,18.54
87.77,105.92
90.06,101.20
90.20,10.38
90.96,123.13
91.21,29.52
92.82,14.34
94.12,85.78
96.44,97.18
96.64,28.45
96.81,83.03
104.08,7.79
107.38,87.02
113.26,90.63
116.63,106.38
118.21,23.85
120.05,71.76
120.40,103.51
123.04,3.20
125.98,12.83
1.18,110.48
1.86,13.45
10.26,0.92
10.80,55.39
12.62,45.00
18.78,105.98
18.95,65.92
19.41,96.36
21.23,19.18
30.44,23.96
32.88,58.34
39.42,97.75
43.03,125.85
50.26,15.48
51.41,96.53
53.55,39.77
55.50,53.59
55.63,8.34
55.98,124.19
58.02,124.72
58.59,116.74
62.63,2.83
64.42,94.02
65.47,103.01
72.10,59.74
79.08,66.80
81.40,11.85
81.56,94.67
81.76,110.51
91.63,116.56
93.08,77.98
96.54,91.19
97.03,95.40
111.30,120.92
116.37,19.74
120.91,17.31
123.70,94.86
1.71,119.66
2.66,9.72
3.88,120.03
4.18,78.64
8.50,33.26
12.31,109.76
16.29,5.15
17.50,55.11
22.56,101.91
26.83,119.71
35.45,30.46
36.02,60.99
36.29,14.02
42.66,41.05
44.07,99.72
44.09,117.40
49.66,100.17
51.36,86.79
53.53,99.39
55.50,11.86
57.65,119.57
61.42,21.46
61.52,82.00
62.32,110.29
65.70,66.65
66.78,53.51
74.98,21.35
76.38,44.93
78.23,98.92
78.26,113.53
80.61,24.25
82.09,62.02
87.49,62.89
89.15,113.37
97.56,41.52
97.90,65.57
101.80,44.30
103.24,127.48
104.12,119.53
105.87,96.82
108.15,72.29
109.29,87.35
110.22,44.57
111.76,39.64
112.06,107.84
112.47,102.48
116.36,41.45
126.33,22.36
4.62,64.94
5.07,33.67
5.99,122.15
6.41,56.35
7.89,58.77
10.73,33.82
12.26,0.22
13.97,13.65
16.74,69.56
17.22,57.49
18.43,101.61
19.35,20.42
27.45,4.99
28.20,101.86
28.58,2.81
30.67,57.43
31.36,22.21
35.55,51.09
42.60,13.04
44.11,7.46
48.69,74.93
51.93,115.59
55.61,94.77
58.93,85.44
62.88,48.95
64.47,30.67
71.41,104.32
72.11,48.90
72.51,88.33
85.49,67.00
86.10,4.19
104.24,80.70
106.20,25.79
107.94,6.23
108.27,68.12
117.51,42.74
126.73,116.12
126.73,54.14
127.25,85.30
127.33,67.98
2.60,26.06
8.75,22.14
9.38,53.33
27.63,58.13
27.94,114.50
38.16,123.63
40.09,12.41
43.25,35.64
44.55,52.86
46.40,92.75
49.25,55.06
65.59,5.43
68.95,38.69
75.80,23.54
77.46,22.44
81.04,40.20
86.41,91.97
95.26,127.03
101.61,119.79
104.50,107.56
109.98,25.66
110.23,14.47
113.33,40.86
122.47,42.01
126.31,99.21
3.63,104.47
17.13,84.95
22.95,27.57
27.10,69.25
27.71,84.98
33.54,88.97
36.18,82.47
37.92,38.06
40.19,79.10
42.48,60.86
45.43,96.80
47.21,1.50
47.23,113.82
50.16,22.35
51.73,109.45
53.25,37.46
57.52,101.70
71.51,106.11
76.92,119.50
78.91,32.94
79.08,14.81
81.56,90.72
83.00,99.49
83.78,24.10
93.81,4.90
95.46,119.50
96.39,3.37
99.24,122.43
100.23,66.62
104.60,85.93
112.66,60.13
117.31,83.44
117.69,94.87
122.86,44.58
123.08,37.01
125.10,63.58
0.98,3.44
2.66,54.61
2.90,41.26
4.00,111.99
5.38,74.11
5.76,51.06
6.59,6.58
7.58,103.31
15.17,26.90
16.68,49.27
19.79,117.84
23.01,60.51
32.26,101.31
37.31,54.30
40.31,76.63
42.20,118.25
42.21,95.32
56.22,80.72
61.24,28.41
70.02,124.06
74.47,8.20
75.46,90.85
81.05,83.81
96.48,47.42
99.30,59.00
104.66,124.11
114.80,53.70
115.10,63.84
115.19,115.34
116.69,52.99
116.89,73.64
117.09,116.17
123.99,124.51
125.03,20.31
127.08,113.19
2.56,65.56
2.61,31.35
5.07,108.07
5.64,4.60
7.02,32.02
13.53,126.78
17.10,15.18
17.57,39.43
17.62,30.51
19.87,103.80
28.85,46.71
31.46,125.91
32.05,28.28
33.70,83.35
40.90,125.95
42.19,21.62
44.46,40.03
47.36,99.71
48.72,94.84
48.77,79.04
54.50,122.67
55.50,35.34
60.67,35.90
61.10,40.01
62.15,35.01
63.36,83.81
72.23,83.41
72.32,9.48
74.09,14.05
75.28,38.54
76.29,8.09
76.64,73.83
79.10,106.36
82.26,59.33
84.34,74.16
85.05,39.10
89.49,117.74
89.62,72.87
91.77,46.04
92.10,113.92
92.28,37.39
92.85,76.02
92.95,117.77
96.00,55.27
96.94,43.64
100.06,112.08
105.88,69.26
118.53,102.42
0.52,55.65
1.65,51.27
6.01,12.85
7.72,122.77
7.85,27.91
8.83,120.64
9.79,75.96
12.02,72.12
13.32,15.58
13.82,68.62
20.87,115.84
30.50,25.83
31.42,83.28
32.67,42.30
35.01,90.43
49.02,119.70
51.90,3.12
55.69,87.48
58.58,29.94
67.52,40.49
70.45,13.44
71.59,46.20
73.94,109.95
75.81,64.01
78.37,11.16
82.48,75.94
83.71,5.11
85.58,31.12
88.03,56.21
88.96,107.67
94.90,87.49
99.24,27.96
100.89,93.61
101.38,106.89
101.39,113.48
101.82,121.62
102.03,37.59
106.24,120.28
106.77,33.39
113.07,24.67
114.85,20.80
115.76,14.67
116.11,30.36
117.32,98.27
119.61,34.89
122.43,74.16
122.75,127.14
125.05,52.97
126.44,15.45
126.56,26.88
6.15,66.50
10.46,102.29
12.42,47.59
13.35,73.89
19.10,1.98
19.60,53.83
19.64,48.40
19.93,29.30
26.56,16.95
30.34,101.80
32.94,116.96
35.71,84.69
39.83,4.59
40.82,59.35
41.61,8.05
41.86,79.43
45.22,23.62
46.73,94.96
49.74,6.59
52.39,17.00
54.41,17.64
58.24,44.60
58.34,42.13
61.95,65.72
63.33,92.33
69.33,121.95
70.14,35.43
73.23,3.50
79.83,37.76
80.62,98.61
83.32,97.01
84.88,76.73
86.61,68.83
91.48,88.17
94.78,17.52
95.69,57.71
97.26,18.20
103.00,33.12
107.78,15.51
113.66,42.76
120.41,127.99
120.45,12.40
121.71,33.24
122.14,15.55
7.91,39.05
11.23,98.16
12.07,65.99
14.28,10.21
17.47,12.58
18.15,6.36
21.08,17.10
21.84,97.01
26.48,7.68
37.93,12.39
39.72,53.86
41.61,69.36
44.43,92.27
44.73,106.13
49.44,49.05
51.24,4.90
52.97,124.97
53.30,74.75
57.14,88.70
57.76,72.33
58.76,103.61
63.46,29.03
71.64,32.67
76.49,104.74
76.67,13.51
78.31,26.84
79.57,47.61
83.01,56.22
84.46,15.27
88.63,38.29
91.29,103.31
94.37,39.67
99.44,48.80
104.60,17.66
113.89,57.75
114.22,108.17
119.79,105.88
124.15,112.47
1.57,106.01
5.81,35.54
6.39,119.77
12.83,90.28
13.09,34.58
13.12,113.88
15.04,89.47
18.78,58.51
22.62,83.89
27.38,36.21
28.02,26.68
30.96,34.68
30.98,1.89
32.57,15.39
39.52,56.02
44.10,83.61
47.16,35.95
53.33,2.19
57.62,77.54
60.02,24.03
62.18,90.55
65.57,126.84
67.11,70.00
73.70,96.65
77.49,9.79
78.72,120.60
79.01,5.09
79.69,61.53
92.84,64.78
98.96,76.88
99.52,64.40
100.47,68.54
104.39,21.84
105.33,91.98
106.22,60.02
112.59,123.02
117.51,9.85
117.58,3.76
120.62,2.39
121.18,101.05
123.52,38.62
2.47,113.93
2.78,91.14
4.39,7.95
8.65,97.84
11.90,68.25
14.00,70.61
14.40,40.06
16.55,32.63
17.19,82.56
17.22,110.43
17.60,51.22
21.99,30.96
22.81,104.50
29.51,119.86
30.71,104.74
32.19,69.18
32.41,97.04
42.95,9.58
46.00,100.74
47.40,31.63
50.52,92.82
51.73,88.91
64.77,44.07
67.71,27.72
67.81,93.35
73.66,24.48
75.13,121.94
76.48,15.59
78.85,71.47
80.57,45.98
80.59,33.62
82.08,82.04
83.66,106.01
85.46,97.82
85.70,124.79
90.14,67.77
94.68,26.26
99.46,124.53
101.47,88.95
103.86,3.75
104.74,94.30
106.11,67.17
109.24,23.37
110.67,62.57
114.40,101.69
114.54,48.98
114.68,105.81
119.08,32.61
122.14,58.71
5.38,80.82
7.91,15.05
8.09,62.18
8.93,79.50
10.21,64.95
16.68,97.30
17.06,92.88
17.52,3.20
24.62,43.02
25.97,55.91
26.46,25.51
31.50,45.80
35.41,42.15
38.01,109.14
39.64,65.74
43.35,71.81
46.62,11.70
48.59,105.75
50.51,102.91
52.07,91.27
55.50,16.19
56.13,44.66
63.60,108.35
65.61,111.01
65.72,92.13
67.57,67.94
73.23,52.49
75.42,126.29
76.71,30.91
80.32,9.78
81.11,92.73
92.89,49.18
93.21,53.82
93.93,111.08
95.26,113.01
96.01,45.30
96.99,86.23
98.69,70.22
101.41,76.49
105.71,88.19
111.67,9.00
116.27,102.99
118.91,96.89
119.02,60.74
119.61,87.67
120.08,14.79
124.88,44.99
1.30,101.02
4.99,60.85
6.28,44.75
10.24,99.92
17.74,47.58
18.97,14.42
26.61,97.43
30.05,50.85
33.14,47.37
33.15,7.24
34.36,117.64
44.46,124.22
44.47,25.46
45.43,81.42
52.27,117.94
60.66,122.77
63.56,33.58
65.60,108.96
72.20,54.45
76.08,25.90
81.17,44.02
86.15,44.95
86.47,16.75
87.64,71.52
87.76,115.80
88.26,10.26
89.01,84.82
90.77,119.66
91.26,125.32
97.63,33.52
100.91,46.39
107.68,101.95
110.07,107.98
111.13,54.11
119.34,37.13
120.06,7.82
120.19,44.70
125.15,34.75
126.11,79.07
127.00,106.53
127.11,30.88
1.31,42.73
1.56,67.75
3.18,58.38
9.88,106.57
12.39,120.56
15.77,104.26
19.61,36.76
23.94,20.68
25.92,111.76
27.96,60.20
28.65,33.43
35.43,37.68
37.34,97.17
41.74,33.41
55.63,64.90
57.35,66.81
58.83,32.32
59.33,97.85
60.28,61.59
61.31,112.45
62.75,42.99
64.60,119.89
66.21,24.61
66.26,48.72
66.89,115.64
67.56,97.32
76.85,20.04
81.86,65.38
85.92,6.22
88.51,48.40
90.64,65.50
94.70,123.81
95.51,84.18
98.10,98.76
100.09,42.44
101.09,29.64
103.31,109.03
111.65,68.29
112.25,5.74
113.63,78.76
113.91,22.47
116.13,81.50
0.46,114.91
7.51,81.69
8.05,92.77
8.12,76.76
8.46,55.66
10.05,122.00
10.72,2.75
11.23,52.88
12.89,86.58
15.31,125.30
15.78,2.28
20.16,12.15
22.30,48.66
24.92,92.31
25.24,115.29
25.77,94.86
31.27,7.97
31.99,49.39
35.46,56.52
35.86,127.35
35.98,32.63
43.70,89.23
44.16,15.22
44.41,60.61
49.48,83.06
57.56,82.56
65.97,123.56
67.49,89.86
69.55,98.98
73.98,123.93
85.29,112.63
88.26,67.18
88.77,80.83
89.64,32.47
99.16,94.26
99.80,40.17
102.48,125.61
104.23,10.06
106.12,75.82
111.03,94.14
113.11,120.50
115.90,96.93
119.56,84.02
125.43,68.46
0.89,36.03
0.98,83.57
3.07,80.74
5.09,10.33
5.55,83.40
10.40,112.84
12.67,24.19
14.70,117.39
14.89,79.65
16.62,10.46
17.55,37.31
18.08,114.79
20.41,8.80
20.79,64.34
28.09,94.87
28.14,50.15
30.83,59.86
32.51,78.99
33.26,114.94
33.53,27.10
35.59,53.46
37.14,121.93
43.97,110.46
45.77,55.90
52.22,51.51
53.57,72.64
56.49,92.77
58.72,108.20
61.76,85.00
63.17,56.43
64.50,115.69
68.31,49.48
69.24,117.70
78.68,83.24
80.96,77.34
83.60,110.99
83.80,34.59
84.90,103.18
91.79,74.29
93.93,46.92
94.79,7.76
96.26,103.36
96.69,105.35
107.12,57.45
112.71,32.67
115.20,5.13
115.21,120.18
118.02,45.02
120.09,92.39
5.96,46.85
10.51,22.76
19.41,94.63
19.82,123.54
21.57,55.77
21.72,21.71
22.59,24.70
36.88,43.27
39.24,104.81
40.09,61.54
43.85,69.46
43.87,108.21
46.98,40.06
48.66,11.84
51.32,94.56
51.87,82.62
54.38,63.04
55.96,115.71
62.69,51.25
64.87,52.93
66.54,46.32
71.60,107.99
76.78,125.41
78.10,109.12
79.21,41.49
79.62,118.28
81.10,70.01
81.72,42.30
81.86,49.04
87.29,40.39
94.92,90.27
103.16,54.86
106.61,65.36
108.46,48.74
109.14,74.46
114.83,89.84
120.31,94.42
125.01,114.59
0.28,21.29
3.30,97.61
8.38,101.81
9.83,117.07
10.68,42.33
13.21,26.28
15.43,72.17
17.52,73.99
17.94,126.33
21.04,105.43
30.85,70.60
35.93,100.19
37.66,33.95
40.75,10.41
45.09,21.22
45.99,46.29
63.71,78.08
71.58,121.54
76.41,47.86
76.48,2.38
81.28,8.08
83.51,11.71
86.11,115.09
86.60,75.24
87.56,65.28
90.38,2.55
96.86,124.84
98.00,51.11
106.42,117.92
106.84,94.44
107.15,83.46
108.66,32.39
117.21,46.81
118.03,7.06
126.94,33.14
3.69,14.06
5.52,98.57
12.99,60.58
15.19,74.45
24.25,106.88
26.38,100.90
33.79,33.13
33.83,106.64
34.67,104.71
34.88,113.12
38.18,5.95
42.30,76.20
49.18,108.16
56.34,27.55
61.17,55.69
69.45,77.96
70.01,109.43
70.04,10.83
71.15,4.78
73.77,26.55
80.93,116.60
83.55,17.26
85.09,47.10
85.56,106.22
86.56,50.50
89.23,13.51
90.13,59.86
91.01,58.07
91.44,12.77
92.75,1.56
98.74,106.74
100.59,51.36
104.28,73.28
105.05,102.34
108.27,12.68
108.38,92.99
112.57,80.54
113.28,10.58
117.29,127.31
119.38,40.60
119.98,4.23
127.39,81.53
3.85,76.10
6.99,126.51
18.97,16.68
19.57,51.19
21.95,118.28
22.24,75.62
24.13,47.31
25.98,58.56
26.16,86.77
28.33,23.57
31.56,88.53
31.56,55.21
32.51,122.22
32.73,112.48
37.87,60.13
40.68,112.83
42.25,87.42
42.87,43.75
46.39,83.64
47.02,14.65
53.44,94.94
60.28,43.89
63.24,112.41
63.35,67.75
67.05,10.41
69.05,95.55
69.32,46.99
70.32,119.64
72.20,102.15
73.65,103.39
82.35,118.49
85.43,108.42
87.60,97.99
92.72,34.52
93.00,96.43
94.94,14.78
95.44,1.47
96.74,12.88
107.04,51.77
112.05,71.78
117.17,108.16
5.12,42.45
8.38,5.31
8.92,8.27
10.49,24.75
14.82,95.59
14.86,85.83
20.34,23.16
33.09,9.43
34.05,126.97
34.48,81.02
37.34,22.85
37.40,35.85
42.01,101.20
45.09,2.86
48.93,126.63
55.50,106.93
58.89,113.19
61.09,92.61
61.66,73.55
68.09,25.53
72.34,18.76
74.51,94.34
76.00,80.63
76.70,55.45
92.27,6.45
94.97,68.30
96.54,26.15
99.22,83.52
104.04,70.70
106.47,28.88
108.46,78.92
110.90,33.17
112.98,92.71
113.43,76.44
113.79,7.31
127.53,17.07
0.05,93.12
1.21,96.85
1.40,89.84
1.48,49.06
3.65,106.62
3.77,122.14
5.86,39.92
7.48,3.34
10.07,46.79
10.44,19.69
12.58,105.92
13.37,103.61
17.07,45.48
17.93,122.57
24.39,35.37
26.73,1.41
37.44,0.49
37.63,73.64
37.94,99.61
39.41,120.18
40.14,28.27
45.31,65.92
45.58,32.65
51.76,7.60
52.84,14.81
56.83,117.97
59.19,21.61
60.17,33.44
60.18,26.76
60.87,13.48
69.93,80.76
70.35,48.94
74.36,105.37
79.36,53.89
81.17,29.57
83.25,7.36
83.76,2.82
89.85,50.15
93.02,127.34
94.86,10.30
102.06,14.34
102.11,71.97
103.42,101.03
106.78,85.15
110.83,49.91
111.15,90.26
115.84,1.03
117.21,33.52
119.65,81.66
120.16,23.40
126.79,10.47
0.49,40.61
4.65,22.52
5.52,69.19
9.86,83.64
9.96,89.94
11.82,122.80
12.53,32.39
13.35,50.49
15.27,58.52
21.69,93.94
25.89,23.43
26.57,103.65
26.94,64.11
29.05,17.55
29.96,77.96
33.59,13.57
38.27,102.80
39.79,18.83
55.65,58.87
58.73,49.86
67.87,55.81
69.70,67.69
73.58,6.08
81.60,25.84
85.50,83.21
89.30,92.74
101.46,48.83
103.98,97.92
105.91,81.78
109.00,123.11
111.82,37.12
114.97,17.03
125.52,6.21
3.38,11.65
3.43,85.31
10.89,60.31
12.65,101.76
16.13,18.97
16.47,94.83
19.02,98.65
19.29,90.21
22.95,115.51
24.46,102.05
24.54,33.09
26.88,78.82
29.61,40.19
32.49,3.68
33.63,56.23
37.74,15.69
39.58,30.88
39.97,20.98
47.62,65.04
60.43,105.77
60.61,37.86
70.57,37.50
70.93,74.18
71.95,1.33
72.68,34.80
74.18,60.85
74.81,58.47
81.65,19.81
83.94,60.45
85.29,117.69
85.70,1.95
85.93,13.05
87.34,54.49
89.78,111.16
91.50,42.31
95.53,19.64
103.50,112.76
106.53,122.36
108.49,8.47
108.81,56.26
122.39,113.59
126.70,122.70
127.10,59.98
3.80,100.13
6.36,94.27
7.88,1.01
8.50,105.82
14.02,123.38
14.49,5.46
15.38,101.54
23.56,45.20
24.55,26.50
25.94,3.77
26.78,12.87
27.27,9.75
43.25,58.36
45.16,119.50
48.93,36.92
49.02,77.22
49.51,35.12
51.03,29.11
61.61,59.62
64.20,47.63
71.63,65.81
73.06,73.14
76.52,76.57
89.18,127.96
96.11,99.57
99.50,71.68
99.88,96.50
101.65,27.21
101.80,35.48
102.90,31.00
104.58,41.43
106.55,79.13
108.83,58.86
117.46,111.00
124.92,108.12
126.40,76.65
0.02,28.32
2.48,93.05
10.44,110.62
10.51,8.00
12.56,94.53
13.06,3.42
14.01,64.37
20.67,5.88
23.57,38.77
24.72,78.90
24.79,104.56
26.44,126.95
27.73,54.45
28.40,76.22
29.32,0.42
36.78,45.98
38.79,58.40
39.66,87.88
39.74,0.00
39.74,128.00
41.40,14.76
41.78,98.82
43.38,19.90
46.34,111.37
48.57,8.71
56.13,60.73
57.42,17.67
57.75,1.07
59.03,55.71
59.79,18.78
61.38,97.83
65.33,16.52
66.94,72.27
67.11,85.32
76.88,68.98
77.00,92.10
81.05,106.46
87.54,35.52
91.12,61.54
92.82,80.20
92.95,8.82
102.06,24.60
106.16,111.75
108.97,50.86
117.82,92.83
121.98,70.31
122.79,53.18
2.07,77.81
4.21,45.04
9.87,94.79
13.57,52.77
15.37,24.68
22.65,87.16
26.89,106.56
29.67,9.72
30.72,12.29
34.75,12.15
39.22,107.68
46.01,109.09
50.10,39.40
58.22,8.09
62.26,23.72
62.76,99.84
64.51,101.61
64.70,10.58
65.88,42.20
68.13,43.17
71.95,113.35
80.92,103.27
85.23,79.17
85.32,28.76
86.68,37.48
87.37,78.97
97.63,126.73
103.17,47.11
106.28,35.48
106.62,23.92
106.97,124.45
114.52,26.03
119.36,48.56
121.90,29.10
123.34,17.58
126.72,118.09
0.04,75.63
7.78,118.13
10.69,63.11
14.66,29.94
21.95,7.28
23.38,53.64
23.50,95.11
27.73,122.35
28.05,109.20
28.96,106.70
31.19,110.86
33.63,74.52
36.14,95.09
38.39,91.84
43.97,121.12
46.02,78.07
46.77,79.89
53.47,30.34
53.67,69.35
56.99,6.30
57.67,110.01
60.75,1.67
62.44,31.85
63.36,127.00
83.22,89.83
87.26,0.44
90.01,86.57
90.49,7.83
92.62,94.23
104.03,116.02
106.76,38.01
109.77,38.59
110.99,47.38
111.33,78.28
111.61,88.02
115.02,51.16
115.57,109.85
119.26,90.36
119.84,58.56
120.12,42.74
3.38,63.11
7.03,53.30
20.02,126.26
28.28,81.73
35.48,58.90
37.37,113.09
37.46,80.76
40.07,70.58
44.99,115.53
48.04,57.20
49.05,112.48
51.23,98.80
51.88,43.01
59.64,67.99
70.17,83.85
71.81,124.25
76.28,87.15
78.63,49.35
79.34,126.27
83.09,68.16
83.65,69.91
85.78,10.54
88.75,42.34
88.80,102.84
89.55,94.90
89.84,52.05
90.21,27.42
90.93,108.46
94.93,62.77
95.71,106.87
96.92,114.77
98.01,57.47
99.67,14.15
102.46,65.49
108.93,45.99
111.20,126.69
116.03,121.97
116.27,6.65
122.63,66.48
122.77,5.15
123.69,106.45
0.67,11.32
10.58,26.70
10.72,104.14
14.67,32.02
15.75,127.61
25.41,53.93
30.52,14.41
33.84,40.50
34.72,19.16
44.04,11.39
47.79,115.66
47.98,81.84
55.50,120.13
66.76,77.33
71.99,91.74
73.55,120.75
76.21,59.82
76.56,111.21
80.70,63.88
81.13,100.73
83.86,19.45
85.55,71.17
86.52,73.32
91.99,111.83
97.76,20.64
99.40,102.05
104.16,37.01
111.14,82.26
112.08,27.32
124.85,49.19
125.02,93.01
126.21,110.70
Path: m0,0 h0
Style: stroke-linecap="round" stroke-width="1" stroke="#685d45" opacity=".4"
12.23,115.68
14.79,46.05
16.37,67.60
17.15,53.17
18.49,24.80
19.89,67.97
20.19,110.99
23.72,18.74
24.00,51.00
24.58,67.97
25.05,65.59
25.12,84.31
31.97,94.84
33.69,16.90
35.85,21.24
39.89,84.10
41.92,120.25
42.06,67.25
42.62,38.56
45.86,70.77
47.52,23.63
48.96,41.46
50.73,45.03
58.16,15.51
61.13,17.25
67.28,63.27
72.59,37.85
76.98,89.22
83.84,44.96
88.59,69.81
94.48,23.66
99.13,10.56
102.26,69.43
102.32,81.01
102.41,60.08
102.78,11.45
107.90,97.03
110.73,28.83
115.54,70.15
115.78,78.61
119.86,99.42
121.62,83.06
123.13,81.81
124.63,97.02
0.87,53.05
6.77,29.84
8.10,112.55
14.96,91.94
26.21,28.35
28.54,12.02
28.61,79.48
31.83,32.68
33.99,68.71
34.16,94.77
35.89,39.85
40.30,25.90
42.49,73.98
44.53,74.86
45.52,18.28
51.50,53.88
53.92,83.49
55.81,22.24
58.25,12.80
58.39,90.60
61.07,47.91
61.18,53.44
62.54,5.06
63.70,45.62
68.45,82.62
69.53,21.38
75.58,34.35
77.69,65.44
80.76,22.38
85.52,63.80
87.95,33.15
89.21,18.22
92.58,109.46
93.96,104.35
94.79,109.21
95.29,116.99
100.02,5.15
103.96,5.94
108.21,36.87
108.35,119.60
115.59,117.85
118.11,15.66
118.44,53.97
122.01,56.64
122.28,35.45
126.45,65.46
127.07,102.85
127.16,35.52
0.77,32.02
12.97,56.11
13.11,42.11
16.93,23.94
20.72,33.82
21.33,99.43
24.85,12.71
30.40,112.74
32.41,0.38
37.81,76.41
38.09,94.40
40.07,48.65
46.27,90.39
47.72,50.05
50.66,47.16
53.47,10.71
55.76,39.85
56.00,56.41
56.64,74.08
58.50,60.05
59.14,74.69
59.70,83.76
59.81,99.86
69.16,53.92
74.25,36.48
78.50,93.23
90.34,38.06
94.40,92.69
99.97,115.31
100.19,61.45
105.17,99.59
106.79,17.81
107.88,30.49
107.95,26.60
110.91,115.67
113.45,118.40
114.09,68.17
115.38,126.38
120.55,115.36
124.10,122.54
125.18,71.58
127.60,88.51
0.81,60.11
3.63,18.48
5.37,103.60
5.50,101.50
5.65,14.79
6.64,8.92
10.17,81.00
11.02,36.52
11.62,50.28
12.49,58.24
13.81,97.18
18.90,84.98
19.68,45.76
23.47,125.48
24.55,71.63
25.92,122.24
30.17,67.88
30.32,93.61
35.65,17.00
37.74,30.84
39.76,38.59
44.24,5.21
49.98,85.13
52.68,27.21
62.17,102.06
64.18,24.44
65.11,71.24
65.31,55.52
77.35,61.36
80.27,72.95
85.38,95.34
88.17,22.03
90.24,55.52
91.23,83.22
95.82,4.97
98.42,116.59
99.19,35.96
111.12,0.92
113.41,126.93
120.44,55.55
3.92,72.95
17.10,124.47
17.24,118.40
21.00,107.41
21.67,1.04
26.70,18.79
42.04,54.39
43.94,55.28
51.85,69.91
54.40,117.56
55.80,24.94
57.34,62.52
60.51,50.85
65.70,88.02
69.39,4.04
78.66,59.07
78.81,56.57
81.13,120.34
84.07,26.30
84.09,43.05
88.56,46.29
88.83,24.01
89.90,89.89
90.57,44.47
90.60,4.83
98.37,2.93
98.94,26.16
101.94,3.49
106.39,0.30
110.52,76.20
117.63,69.63
122.78,19.73
124.19,7.81
0.76,99.16
2.65,47.08
6.57,21.63
9.61,31.24
12.54,9.52
22.03,37.72
22.23,29.20
24.08,74.84
26.12,30.85
37.24,117.72
42.79,65.33
49.00,4.08
50.39,62.05
53.00,108.28
53.21,64.65
56.83,121.80
63.25,53.61
67.46,104.28
69.35,103.45
74.79,78.75
77.05,115.53
79.39,18.90
81.22,3.85
83.59,116.24
83.97,91.82
84.75,36.74
87.84,76.91
90.97,98.80
95.13,95.29
97.56,118.19
103.64,67.69
110.63,85.99
116.28,124.22
117.30,35.91
118.10,114.24
118.68,117.83
126.98,97.07
127.39,126.64
1.21,85.91
1.97,69.81
5.92,62.79
8.82,35.36
10.51,4.83
14.83,81.52
14.95,60.34
21.95,42.50
23.23,15.09
23.71,16.89
26.78,71.56
34.61,1.41
35.55,28.05
35.89,124.40
37.48,120.09
37.79,40.85
40.22,17.07
40.25,40.73
44.19,102.59
44.74,29.23
46.52,60.26
51.87,40.87
52.79,85.15
53.85,80.92
56.46,104.84
58.01,106.28
63.61,104.63
64.89,40.76
65.12,35.38
65.47,75.66
67.28,81.25
76.77,106.82
78.08,17.42
79.71,123.05
81.64,31.87
87.39,20.00
87.61,52.28
91.25,16.38
92.96,16.86
93.28,106.89
94.42,61.02
94.98,37.49
95.37,42.01
98.00,0.65
99.95,108.42
101.57,19.27
102.90,87.48
105.27,63.18
110.31,101.19
113.40,29.28
114.64,112.20
117.65,104.79
123.80,78.08
126.38,94.88
126.98,46.14
6.68,23.89
7.68,64.22
9.03,51.42
9.57,37.82
12.05,28.43
13.94,1.65
14.99,37.94
15.81,41.22
16.24,76.24
21.62,70.03
27.98,38.63
28.54,118.09
30.48,31.31
33.44,92.91
42.80,111.97
45.48,48.02
45.99,51.32
51.07,104.74
51.57,49.02
53.28,34.72
53.74,56.28
67.91,17.44
71.60,97.86
72.03,80.77
78.67,7.48
90.16,115.15
90.96,69.67
93.30,28.19
94.07,121.67
100.36,81.39
100.90,104.43
107.34,40.28
110.09,113.28
115.49,10.91
115.52,37.61
120.63,62.06
124.37,25.70
3.30,16.19
5.86,96.56
7.93,71.85
19.16,31.95
23.44,99.34
24.29,30.27
29.29,20.32
33.82,110.53
34.99,76.74
38.02,78.40
41.78,52.23
47.62,6.32
48.14,28.60
48.62,52.73
51.18,76.95
51.97,101.00
53.27,106.07
54.40,0.38
61.28,75.48
62.81,9.43
67.54,99.13
75.31,52.86
78.13,35.39
78.53,0.59
85.03,127.57
90.35,96.84
97.26,31.16
99.47,88.24
101.69,109.80
102.32,114.91
104.89,47.05
106.64,108.04
108.26,76.40
112.43,44.57
113.26,99.71
115.41,28.10
124.58,42.50
125.73,86.91
0.71,104.10
3.72,124.35
5.12,114.74
5.20,19.87
7.75,74.43
8.74,60.48
16.99,65.49
18.72,34.35
31.18,76.12
32.43,81.05
35.11,8.13
44.90,67.87
46.00,9.69
47.76,38.48
48.99,17.67
49.70,19.78
53.49,53.45
54.39,27.73
62.08,19.58
65.25,117.73
65.61,22.53
66.54,107.05
67.60,126.34
69.69,87.97
70.90,95.87
71.52,68.11
78.98,90.55
81.21,127.36
83.34,9.46
85.37,55.43
85.49,99.92
88.29,60.74
88.50,5.46
92.66,99.47
95.32,79.45
105.01,77.48
109.32,117.61
110.16,72.24
117.89,88.97
118.27,30.63
123.19,27.50
126.70,24.49
0.39,78.83
0.75,46.47
1.66,117.30
4.31,24.83
7.01,37.03
11.13,15.13
11.41,96.17
12.03,30.50
12.34,79.17
12.40,125.06
21.72,10.57
26.30,117.17
32.19,11.12
37.85,20.39
38.01,115.79
38.72,43.74
43.60,17.84
50.85,0.95
53.52,104.18
53.91,46.32
53.94,6.06
55.60,98.80
59.17,46.58
61.78,45.55
64.88,26.98
65.16,99.32
66.24,12.45
66.99,113.42
71.45,127.12
75.85,82.86
75.93,113.71
82.62,36.61
86.08,34.04
86.48,58.50
96.10,22.00
96.85,15.58
100.37,2.49
103.67,19.75
104.47,29.80
112.68,95.34
113.10,52.15
120.62,117.50
125.47,4.11
126.29,70.39
127.08,73.53
2.69,102.58
2.98,1.37
3.63,50.38
4.16,118.07
14.91,106.09
14.95,115.44
19.38,120.48
20.58,85.69
28.53,66.30
32.68,60.82
38.05,69.27
40.80,45.06
41.61,84.52
42.84,50.48
47.43,69.71
47.46,67.42
48.61,123.72
51.37,18.58
51.43,35.36
54.21,97.06
60.01,119.73
60.45,89.76
69.54,75.88
78.41,39.10
82.09,114.01
83.71,63.01
88.09,44.20
90.00,20.90
92.37,24.53
95.43,81.22
98.60,55.66
98.85,109.96
99.84,38.14
101.81,123.70
103.46,75.68
105.69,53.33
112.91,85.50
113.64,83.60
120.28,77.56
123.18,115.58
124.81,30.73
125.65,104.96
1.24,57.69
5.43,90.53
10.08,114.99
20.65,101.55
21.64,61.96
26.01,113.64
27.92,125.01
27.98,111.80
29.91,122.25
31.88,52.30
33.61,53.36
40.55,102.46
41.32,2.28
42.18,0.15
48.55,102.67
53.78,86.95
59.58,110.99
62.43,106.84
62.91,37.63
67.25,58.34
67.61,65.42
69.41,59.21
69.56,126.35
72.33,99.94
73.89,92.11
76.27,50.31
77.23,102.66
86.45,122.65
88.18,83.08
89.38,75.17
90.76,23.51
91.13,81.28
106.63,90.46
108.25,3.15
109.02,28.56
110.48,60.43
110.64,64.42
113.26,55.05
122.03,90.59
123.00,30.62
125.42,28.77
Path: m0,0 h0
Style: stroke-linecap="round" stroke-width=".8" stroke="#685d45" opacity=".4"
2.27,75.07
2.47,44.11
3.18,115.85
6.13,71.43
12.59,21.53
12.84,92.34
17.80,112.36
21.28,14.00
21.34,50.63
35.05,66.77
35.91,114.98
46.03,104.78
47.26,120.98
47.39,85.22
47.41,97.62
48.92,72.18
51.54,79.27
53.98,89.64
55.54,72.31
55.82,19.85
57.96,114.47
60.22,15.36
61.28,8.14
62.21,11.99
62.22,95.10
64.88,3.68
68.23,111.35
69.73,85.61
72.77,57.50
74.15,40.20
74.27,107.71
76.08,0.16
77.80,46.04
78.41,3.06
82.23,38.53
84.23,49.54
85.93,60.86
86.27,85.33
101.65,58.44
102.98,104.26
103.84,105.86
106.07,116.06
106.37,103.75
108.37,19.60
110.09,80.17
114.28,35.29
119.60,113.33
121.23,10.33
121.57,107.43
124.48,65.98
125.88,89.28
126.79,0.40
1.84,87.67
2.99,3.66
3.24,83.01
5.63,58.73
9.78,67.97
15.54,87.62
17.39,116.52
17.97,8.61
21.97,122.51
23.99,5.40
24.47,90.05
26.19,39.66
29.26,87.31
29.43,99.34
34.06,99.49
34.71,3.00
35.54,72.22
39.67,7.75
41.89,115.95
44.21,0.91
45.69,86.44
53.58,126.46
54.20,42.77
58.40,27.95
63.29,96.98
66.66,30.55
69.24,56.87
73.72,42.16
76.55,57.37
77.47,117.23
79.04,111.26
79.80,115.02
84.07,65.70
86.32,48.41
95.28,53.51
95.37,76.29
96.91,120.74
102.77,50.72
104.77,39.16
110.38,66.63
111.49,17.63
111.94,74.46
113.87,73.83
118.23,13.32
121.57,95.59
123.98,14.54
124.19,55.12
124.96,39.61
127.05,43.82
5.92,112.85
8.58,45.37
10.22,119.80
19.00,10.52
21.57,52.90
23.23,77.54
24.04,122.08
24.12,110.58
26.60,82.38
27.72,21.75
32.35,72.98
36.23,5.15
37.60,56.81
40.23,35.77
42.82,114.16
49.20,14.16
53.93,76.48
64.99,96.75
67.11,60.62
69.68,6.60
74.06,10.75
78.30,43.39
78.38,24.75
78.40,81.35
80.79,88.48
82.99,71.86
87.74,12.30
92.31,62.84
99.22,44.28
104.19,25.82
111.12,30.83
111.43,24.15
113.18,3.60
113.69,37.83
115.12,46.44
122.44,60.90
3.66,126.81
3.79,29.14
12.07,81.83
17.15,120.38
25.35,37.40
37.58,47.92
39.47,46.54
42.71,46.44
49.76,51.47
52.37,60.36
53.93,61.44
54.20,4.10
55.55,83.94
57.68,23.50
58.56,79.68
59.90,77.23
71.28,30.85
71.43,51.22
72.99,45.21
75.17,3.84
76.88,71.63
87.33,125.97
88.20,7.77
92.82,102.20
93.56,42.48
94.60,70.22
96.89,63.50
101.45,8.70
101.48,53.66
103.62,56.80
108.98,0.91
114.74,93.28
116.84,76.64
125.04,126.32
1.86,123.48
2.14,33.51
3.92,70.54
4.41,37.23
5.39,28.07
19.60,113.39
22.93,12.39
23.87,85.93
28.33,14.84
42.41,82.08
42.69,123.19
44.94,37.27
50.06,59.47
52.98,112.51
54.20,110.38
55.43,67.75
58.37,39.67
65.43,105.54
67.46,6.03
67.82,45.10
69.67,33.38
73.00,118.57
74.02,76.85
74.46,28.48
80.05,27.64
80.78,80.53
82.93,108.27
89.87,79.01
91.46,19.15
96.58,59.99
104.68,15.51
110.65,103.24
111.74,117.47
113.98,87.31
116.66,91.07
117.16,22.24
121.10,64.32
121.22,111.51
122.55,120.31
123.18,68.66
123.79,100.32
124.63,75.99
127.24,48.55
0.49,65.66
3.85,39.37
7.90,95.57
12.69,19.30
21.55,35.64
25.22,48.81
30.51,37.53
39.26,2.36
51.97,127.45
54.20,92.27
59.01,122.25
63.22,76.40
63.65,59.01
64.80,69.04
72.30,76.07
76.15,99.40
76.98,32.81
78.01,63.43
78.79,87.81
79.45,21.00
82.85,1.11
96.65,78.19
100.44,16.77
105.84,113.84
106.06,73.35
107.13,46.90
109.17,16.48
112.64,113.33
112.77,16.27
113.23,19.40
117.24,62.57
122.77,117.53
1.18,112.29
1.35,81.02
2.88,21.28
4.48,48.59
7.88,12.33
9.57,127.16
9.68,71.80
11.38,17.66
19.28,92.51
21.21,26.25
28.75,42.07
29.49,64.51
30.28,48.16
31.59,99.06
34.84,87.01
35.35,23.47
40.07,81.51
49.89,116.05
51.14,110.93
56.56,31.84
64.85,113.36
83.78,80.89
87.65,30.86
88.49,58.04
96.61,71.55
100.81,56.59
103.40,1.41
108.29,115.14
109.19,125.49
109.35,35.01
118.30,67.75
120.32,122.89
126.98,91.35
3.17,109.46
5.11,2.10
10.04,13.50
12.95,111.73
14.39,119.80
16.27,108.76
17.28,103.49
17.89,0.34
20.17,83.17
22.66,91.91
23.26,58.40
23.59,108.40
25.89,51.24
27.33,48.40
29.26,44.38
29.40,35.69
31.48,107.06
32.97,44.38
36.07,10.73
36.65,88.72
40.39,110.46
40.77,89.71
46.97,107.23
47.07,124.80
53.14,22.36
55.43,113.49
56.21,14.25
57.56,69.40
59.44,87.60
61.05,127.40
62.79,15.09
64.08,65.17
67.77,79.08
72.55,16.23
79.23,76.63
81.13,124.60
83.74,122.20
85.83,42.09
88.30,87.50
93.83,36.15
94.11,114.97
96.84,23.92
104.49,49.49
109.74,5.35
110.72,42.14
110.75,12.21
111.80,105.49
113.40,14.44
118.25,56.49
118.89,75.60
122.46,79.37
124.29,50.84
124.58,102.87
3.83,5.70
4.72,31.63
7.83,83.72
11.01,107.88
14.95,110.93
20.81,77.69
28.43,52.34
29.81,27.70
32.53,108.97
45.85,122.71
46.29,26.53
53.55,58.52
56.19,42.13
57.00,4.24
59.01,10.65
60.29,41.57
65.20,61.05
67.01,8.30
78.96,85.58
81.24,96.44
83.63,30.09
99.72,91.50
100.99,11.29
107.12,99.92
107.75,109.92
108.36,81.62
116.34,60.97
118.57,64.15
119.00,18.01
120.67,38.26
120.87,53.82
124.41,118.44
127.25,108.77
8.21,19.92
12.20,39.37
14.36,77.45
16.32,43.32
21.83,109.87
23.81,40.93
30.94,115.02
33.92,120.32
35.23,48.15
37.72,26.49
39.46,114.54
39.95,99.72
48.69,87.04
49.83,121.83
53.45,78.78
54.19,50.74
60.01,94.99
62.48,25.93
64.35,81.99
69.15,71.03
70.02,19.31
72.09,23.38
74.63,86.28
75.09,118.21
78.10,96.90
78.47,51.38
80.44,1.78
82.85,28.01
83.61,84.00
92.27,56.47
97.72,87.89
119.64,110.24
120.54,66.53
121.78,40.06
123.35,98.49
0.96,8.31
4.04,56.64
5.02,92.90
5.64,0.05
9.93,57.71
15.75,28.79
16.79,35.06
17.53,100.04
21.66,113.45
23.35,112.48
23.52,63.53
24.20,96.90
25.06,81.33
25.27,60.80
26.00,20.46
28.64,7.43
30.60,91.01
41.25,30.57
46.38,62.85
48.36,110.62
48.70,33.37
51.14,32.90
53.59,19.83
54.20,13.19
56.09,49.87
67.89,108.89
69.91,64.84
71.59,40.15
74.88,71.34
76.71,36.76
85.87,8.43
88.25,2.92
91.75,92.87
92.07,26.40
93.58,82.80
100.69,0.54
101.41,21.99
117.85,85.91
118.33,65.77
121.93,122.52
124.16,110.37
124.70,120.54
5.58,124.76
8.63,10.47
8.77,110.11
10.27,124.84
10.46,92.28
11.72,88.50
14.21,54.58
15.42,121.70
19.50,4.11
19.91,60.50
25.75,73.92
26.26,46.31
29.02,70.01
29.25,72.30
32.74,63.29
37.21,86.50
43.72,77.50
46.74,42.59
48.11,47.15
50.78,124.87
51.14,74.52
53.36,66.75
63.19,88.40
69.33,62.43
70.00,44.11
72.11,28.96
73.29,126.21
73.83,81.10
75.66,11.82
82.94,21.82
83.48,126.51
85.56,120.81
90.84,127.67
91.04,53.75
93.30,119.80
94.64,51.49
97.30,111.55
97.80,7.83
98.19,12.10
98.80,104.43
109.38,21.37
110.97,111.34
119.18,21.26
126.79,62.67
5.97,87.81
7.60,18.07
12.12,5.89
18.10,28.34
22.82,81.95
28.40,62.33
29.85,124.25
33.07,85.38
38.29,62.74
38.36,83.16
42.03,17.51
42.56,103.94
44.20,94.59
47.87,89.19
51.20,57.40
51.54,67.33
57.29,99.65
59.46,2.68
61.37,78.89
63.73,1.01
64.06,124.16
65.19,50.61
69.72,28.57
70.48,111.67
76.89,122.34
79.41,79.02
80.69,112.37
82.79,78.44
92.23,39.90
96.69,109.20
98.61,16.32
104.22,89.65
104.51,61.06
105.41,126.81
105.95,12.08
106.06,2.45
106.68,105.66
115.46,33.50
