Size: 256
Workaround: -73,110 canvas
Path: m0,0 h0
Style: stroke-linecap="round" stroke-width="1" stroke="#cbc9c6"
0.84,210.24
1.55,88.38
1.82,71.03
1.85,228.38
1.86,198.16
1.88,23.14
2.15,163.72
2.32,49.70
2.47,166.63
2.95,237.15
3.12,144.73
3.74,53.63
4.19,226.68
4.32,98.96
4.57,169.12
4.68,208.36
5.07,193.95
5.88,243.72
6.04,224.36
6.27,102.83
7.03,8.03
7.54,64.59
8.09,131.44
8.24,85.10
8.53,61.94
8.60,232.92
8.73,67.22
9.09,177.33
9.83,198.85
10.09,88.49
10.53,72.01
10.80,181.94
11.56,28.52
11.58,184.94
11.72,97.64
11.84,118.03
11.89,211.85
11.91,17.26
11.91,62.15
12.22,166.78
12.54,12.70
12.78,243.56
12.95,75.29
13.62,204.63
14.00,34.11
14.81,24.18
14.87,17.92
14.97,28.17
15.22,144.97
15.32,141.42
15.55,21.26
15.84,64.11
16.48,77.96
17.05,129.67
17.17,28.84
17.27,204.41
17.42,196.33
17.51,45.01
17.56,231.58
17.91,81.25
17.93,75.06
18.51,71.65
18.51,88.20
18.75,171.01
18.96,147.48
19.57,64.46
19.67,53.13
19.94,95.87
20.01,220.54
20.50,178.81
21.27,71.55
21.42,8.35
21.60,225.29
21.63,1.81
21.67,182.79
21.71,4.53
21.98,175.93
22.01,167.94
22.48,148.36
22.77,198.61
23.38,43.05
23.91,243.44
24.15,89.38
24.27,40.72
24.48,210.31
24.59,0.50
24.90,253.19
25.11,241.33
25.13,55.54
25.22,11.30
25.33,187.96
27.01,207.76
27.08,82.14
27.09,48.21
27.13,28.01
27.22,169.16
27.35,96.77
27.48,215.69
27.63,158.21
27.79,203.03
27.84,10.04
28.51,178.92
28.62,4.26
28.69,148.80
28.71,0.96
28.99,21.46
29.23,200.99
29.32,24.17
29.35,144.25
29.46,152.27
29.87,237.59
30.22,48.05
30.59,205.09
30.66,207.49
30.80,51.24
30.81,198.75
31.29,4.87
31.45,20.93
31.49,8.46
31.71,111.39
32.27,155.87
32.67,194.65
32.83,72.55
34.23,113.32
34.26,94.76
34.51,79.16
34.99,133.24
35.13,27.81
35.28,8.70
35.44,70.81
35.57,124.25
36.06,20.69
36.25,247.09
37.32,214.16
37.42,92.87
37.48,26.08
37.80,45.46
38.20,201.83
38.22,254.87
38.79,107.19
39.60,39.75
40.03,208.42
40.07,153.05
40.07,157.62
40.39,22.72
40.93,140.96
41.05,62.14
41.08,248.24
41.16,188.89
41.40,27.95
41.65,35.85
41.69,8.99
42.02,108.68
42.08,66.35
42.87,211.00
43.81,61.39
43.94,119.26
43.94,220.49
44.68,241.09
44.73,28.47
44.82,115.69
44.83,181.72
44.84,203.18
45.37,147.62
45.56,50.31
45.58,12.37
45.76,44.86
45.79,199.83
46.09,120.82
46.72,63.32
46.91,111.83
47.14,207.70
47.40,128.25
47.67,88.58
47.72,210.64
47.73,9.95
48.14,106.80
48.52,214.04
48.75,133.18
49.24,49.66
49.32,14.43
49.68,55.95
49.84,192.86
50.77,53.45
51.05,151.97
51.07,169.15
51.50,28.21
51.71,237.37
51.85,69.41
52.05,177.74
52.35,161.37
52.44,232.72
52.71,7.03
53.11,3.57
53.69,43.79
53.93,71.52
54.71,14.78
54.84,29.13
54.87,111.11
55.24,205.36
55.35,55.29
55.48,63.55
56.09,45.07
56.29,36.91
56.86,17.64
57.23,189.33
57.37,175.09
57.67,111.82
57.98,246.60
58.06,148.12
58.26,215.35
58.56,104.02
58.77,234.19
59.63,60.74
60.33,223.25
60.56,94.83
60.67,194.01
60.94,204.94
61.12,238.00
61.95,240.77
62.12,51.69
62.33,18.61
62.33,251.69
62.85,226.96
62.90,66.53
62.96,79.36
63.03,138.80
63.20,84.18
63.77,230.46
63.79,197.46
63.86,98.03
64.39,161.06
64.39,200.46
64.41,30.08
64.75,169.10
64.78,254.09
64.85,147.29
65.03,36.68
65.14,42.27
65.18,211.52
65.58,108.13
65.94,44.63
66.57,203.33
67.77,134.58
67.80,14.08
67.95,220.81
68.02,21.19
68.08,234.56
68.15,239.97
68.17,24.31
68.28,125.62
68.32,177.73
68.57,181.67
69.11,188.06
69.69,10.67
71.52,132.55
71.54,247.59
71.61,96.01
71.83,15.67
71.91,12.77
72.01,163.51
72.26,147.37
72.38,138.31
72.50,47.80
73.50,141.02
73.95,167.44
73.97,77.12
74.11,62.44
74.17,181.74
74.32,98.47
74.80,184.28
74.93,148.88
75.25,4.82
75.82,125.23
75.94,102.96
76.18,179.22
76.97,117.42
77.02,77.00
77.31,190.35
77.36,157.08
78.02,25.00
78.27,160.42
78.30,133.77
78.42,173.97
78.93,104.65
79.11,151.52
79.22,222.82
79.33,9.77
80.13,190.04
80.57,163.86
80.63,171.87
80.65,112.65
81.19,108.01
81.37,101.87
81.64,249.93
81.67,175.15
81.74,161.42
81.96,201.31
82.04,180.33
82.05,19.10
82.31,98.13
82.72,7.69
83.50,95.25
83.57,45.49
84.06,182.79
84.11,1.74
84.25,84.46
84.60,43.18
84.69,115.20
84.73,105.75
84.83,15.64
84.97,77.89
84.98,55.00
85.08,87.40
85.30,158.05
85.72,147.38
86.71,68.88
86.82,230.94
87.18,35.62
87.38,52.65
87.45,133.99
87.61,81.45
87.67,152.80
88.19,200.98
88.66,44.86
88.87,73.69
88.98,228.32
89.12,122.52
89.55,147.29
90.32,8.57
90.59,215.41
90.70,204.33
90.82,237.52
90.85,75.79
90.91,40.85
91.37,211.90
91.40,44.77
91.48,198.59
91.58,138.33
92.15,155.69
92.76,23.55
92.83,29.88
92.83,128.08
92.87,217.32
94.13,3.99
94.17,114.16
94.17,175.04
94.26,158.78
94.42,132.10
96.29,7.80
96.40,203.27
96.46,220.93
96.57,17.07
96.67,50.79
96.92,174.56
97.03,44.22
97.16,211.12
97.32,31.50
97.52,207.27
97.58,54.82
97.83,24.75
98.09,249.46
98.48,160.44
98.48,171.94
98.63,138.73
98.79,9.65
98.87,118.34
99.04,87.45
99.30,96.50
99.88,59.15
100.19,56.26
101.33,25.15
101.56,237.73
102.37,75.44
102.70,33.12
102.71,54.69
103.90,200.48
104.61,35.56
104.86,204.17
104.90,1.08
104.95,216.95
105.01,18.72
105.06,62.34
105.07,104.46
105.33,56.83
105.92,155.68
106.68,134.30
107.02,82.20
107.14,171.29
107.16,178.39
107.46,252.37
107.52,144.61
107.91,54.69
108.35,230.02
108.40,197.42
108.50,17.90
108.80,97.30
108.81,194.17
109.52,158.47
110.14,185.22
110.36,12.77
110.41,133.80
110.51,88.19
110.93,245.17
111.06,128.20
111.16,131.41
111.30,107.60
111.39,233.84
111.58,101.29
111.78,125.85
112.83,119.54
112.93,51.06
113.68,215.77
113.88,86.31
113.90,194.96
114.02,78.31
114.08,19.07
114.22,97.97
114.26,161.67
114.30,154.96
114.40,174.98
114.49,226.84
114.52,178.43
115.08,164.44
115.54,33.11
115.80,137.08
115.82,21.97
116.45,16.87
117.91,109.32
117.96,170.58
118.09,138.30
118.10,62.00
118.32,134.99
118.38,44.82
118.60,143.69
118.66,41.45
118.86,14.57
119.00,251.50
120.22,23.97
120.35,9.60
120.69,60.30
120.93,167.69
121.02,228.42
121.07,16.02
121.29,170.92
122.06,48.70
122.14,196.96
122.31,201.11
122.56,230.66
122.86,12.09
123.12,94.50
123.31,222.69
123.35,8.35
123.37,34.75
123.58,251.72
123.86,235.34
123.92,220.05
124.19,227.34
124.45,77.20
124.49,55.46
124.66,247.30
124.80,1.00
124.92,171.22
125.10,39.24
125.18,47.49
125.31,113.89
125.45,214.99
125.60,6.23
125.65,10.34
125.71,135.39
126.33,42.19
127.72,54.16
127.73,91.88
127.85,56.89
127.95,163.78
128.01,109.36
128.14,74.30
128.19,130.84
128.26,136.97
128.29,77.91
128.36,202.37
128.38,197.62
128.62,148.34
128.70,6.55
128.91,14.45
128.93,63.01
129.05,154.07
129.11,205.15
129.24,126.70
130.19,19.34
130.30,44.67
130.41,253.83
130.89,222.98
130.95,164.08
131.12,250.79
131.35,170.53
131.36,94.93
131.39,5.77
131.39,115.88
131.42,149.62
131.80,206.13
131.91,67.53
132.61,240.16
133.19,13.57
133.30,197.77
133.36,189.77
133.58,97.33
133.82,51.58
133.89,81.70
134.03,224.00
134.24,115.13
134.62,47.82
135.54,140.24
136.25,75.61
136.45,17.81
136.89,49.12
137.21,238.12
137.34,181.33
137.58,214.13
137.68,233.72
137.74,147.64
137.79,20.11
137.81,51.76
137.88,225.05
138.24,166.47
138.25,160.58
138.42,77.20
138.92,184.03
139.22,244.40
139.23,4.18
139.76,139.99
139.80,53.92
140.06,94.69
140.23,128.71
140.29,193.89
140.41,48.82
140.52,119.67
140.69,214.74
140.79,132.06
140.88,7.34
141.13,43.57
141.19,232.34
141.25,105.19
141.39,144.47
142.51,97.28
142.51,121.24
142.68,35.53
142.93,167.07
143.68,247.65
144.41,50.86
144.76,189.29
145.06,230.62
145.14,62.72
145.21,23.08
145.40,122.62
146.12,245.97
146.14,74.98
146.47,191.15
146.81,58.49
146.85,10.70
147.41,155.10
147.62,51.63
147.94,44.54
148.19,168.23
148.52,129.99
148.69,40.80
148.71,5.72
150.32,209.26
150.32,244.36
150.46,108.09
151.11,2.05
151.11,36.99
151.16,22.52
151.31,48.68
151.55,76.32
151.93,124.37
152.14,148.70
152.27,240.85
152.36,191.53
152.61,4.90
152.89,236.43
153.03,46.49
153.23,207.14
153.29,220.73
153.77,132.60
153.91,71.57
154.41,202.39
154.77,169.16
154.83,191.24
155.34,155.34
155.59,210.32
155.84,64.50
156.03,186.35
156.22,127.01
156.62,220.40
156.65,137.19
156.96,43.82
157.34,67.08
157.52,179.77
157.59,140.28
157.64,207.12
158.12,6.01
158.16,158.45
158.43,132.00
159.06,21.23
159.18,240.14
160.50,91.86
160.54,186.46
161.16,37.01
161.34,178.01
161.39,147.32
161.82,157.66
161.92,94.86
161.96,165.48
162.73,151.97
162.85,69.24
163.33,155.08
163.49,233.28
163.66,184.89
163.66,242.20
164.28,168.50
164.57,82.74
164.83,206.80
165.04,53.64
165.34,62.06
166.43,18.16
166.64,78.39
166.90,51.25
167.01,141.33
167.03,130.01
167.32,118.06
167.38,134.27
167.69,158.27
168.00,107.70
168.22,75.17
168.27,86.18
168.50,236.60
168.69,80.76
169.20,55.72
169.38,110.33
169.50,155.05
169.75,99.90
170.25,102.31
170.39,226.62
170.64,193.74
170.65,234.42
170.68,5.20
170.76,158.06
170.96,164.10
170.97,218.32
171.11,60.77
171.22,121.59
171.26,127.27
171.29,81.65
171.48,253.65
171.55,183.53
172.01,73.48
173.13,155.04
173.31,65.49
173.98,18.01
174.24,143.61
174.35,68.49
175.16,184.92
175.32,181.51
175.34,32.62
175.67,173.49
175.72,163.65
176.02,230.89
176.19,192.67
176.29,202.92
176.45,35.24
176.53,237.31
176.79,211.05
177.34,3.06
177.35,143.50
177.39,131.21
177.48,55.92
177.54,223.03
177.59,241.08
178.32,48.28
178.48,90.82
178.55,61.46
178.75,195.70
179.97,17.40
180.06,109.31
180.71,147.11
181.15,6.08
181.41,86.10
182.24,228.61
183.04,212.17
183.18,121.41
183.20,30.96
183.24,206.89
183.35,105.21
183.42,98.34
183.95,81.61
184.11,234.74
184.68,27.95
184.68,154.34
184.77,254.79
184.86,33.93
184.93,42.16
185.24,57.50
185.43,177.68
185.43,216.83
186.04,205.79
186.71,14.89
186.77,198.78
186.80,230.76
186.84,123.93
187.75,91.59
187.77,240.19
187.90,224.43
188.13,54.55
188.37,155.04
188.54,237.81
188.72,117.94
188.74,23.56
188.77,228.24
188.89,12.92
189.32,164.29
189.96,4.89
190.01,68.53
190.12,254.91
190.38,142.53
190.43,216.84
190.85,178.64
190.86,101.14
191.38,38.56
191.45,57.27
191.62,190.62
191.97,103.60
192.47,60.92
192.96,64.76
193.50,12.07
193.75,160.93
193.81,135.04
193.99,105.79
194.43,74.57
194.52,186.97
194.56,15.12
194.64,155.34
194.66,25.83
194.75,138.28
195.09,122.98
195.64,94.72
195.83,78.55
196.02,214.00
196.15,42.79
196.51,66.42
196.52,31.96
197.08,224.70
197.23,165.47
197.28,105.86
197.38,18.31
197.45,206.10
197.58,167.95
197.64,128.06
197.87,92.05
198.25,141.09
198.42,50.55
198.44,85.92
198.44,232.58
199.09,99.96
199.09,185.32
199.11,237.72
199.56,198.55
199.85,94.64
200.70,214.93
201.08,21.96
201.23,7.49
201.33,191.18
201.51,168.34
201.59,118.31
201.79,43.50
201.80,180.26
201.84,98.12
201.90,18.30
202.19,184.80
202.86,73.16
202.86,238.67
204.06,177.16
204.15,163.39
204.16,123.43
204.18,109.92
204.67,188.07
205.21,166.01
205.42,184.36
205.69,89.17
205.79,113.49
206.51,118.91
206.90,71.94
207.45,107.13
207.60,149.09
208.52,59.48
209.06,241.35
209.60,111.54
209.84,98.26
210.59,134.37
210.75,142.39
210.79,155.00
210.86,238.56
210.87,248.98
211.32,246.06
211.42,160.97
211.58,212.21
211.71,71.62
211.77,50.97
211.77,116.93
211.90,81.57
212.23,100.72
212.38,208.74
212.50,223.71
212.70,228.34
213.06,54.21
213.28,24.03
213.62,216.63
213.94,38.95
214.08,19.57
214.13,140.55
214.45,243.92
214.47,42.23
214.62,64.24
214.64,230.52
214.93,14.87
214.96,61.56
215.12,238.51
215.72,184.56
215.89,33.23
216.08,221.22
216.09,136.42
216.51,201.94
216.72,227.40
217.53,161.02
217.64,17.32
217.72,87.26
217.89,73.48
218.05,223.28
218.24,10.32
218.37,48.30
218.38,38.25
218.61,203.72
218.77,233.54
219.74,158.06
219.75,116.50
219.84,211.62
220.25,127.08
220.33,27.85
220.49,13.78
220.72,107.63
220.76,184.06
220.94,244.03
221.18,40.05
221.28,24.45
222.54,64.33
222.74,16.58
222.98,114.51
223.26,149.22
223.51,51.24
224.64,69.19
224.65,44.05
225.15,56.77
225.16,108.56
225.36,128.01
225.47,167.28
225.53,234.45
225.62,16.71
225.86,74.24
226.01,224.01
226.53,162.01
226.62,94.55
226.71,143.33
227.24,205.85
227.69,248.32
228.05,41.30
228.12,220.69
228.13,202.76
228.65,47.54
229.54,5.17
229.97,18.87
230.68,101.11
230.69,170.38
230.72,124.61
230.73,177.48
230.74,180.69
230.86,115.21
230.94,119.13
231.29,7.51
231.44,27.85
231.46,84.47
231.62,65.26
231.68,30.73
231.68,79.74
231.69,237.28
231.76,132.46
231.85,187.47
231.94,112.18
232.00,88.65
232.28,243.68
232.52,204.55
233.34,71.44
233.34,108.79
233.39,191.88
233.46,99.73
233.61,226.49
233.81,154.09
233.97,220.08
234.04,22.14
234.80,139.24
234.85,45.22
235.67,246.90
236.74,1.67
237.30,221.94
237.45,254.71
237.52,100.32
237.83,173.99
238.16,208.60
238.85,216.37
239.17,15.07
239.92,31.07
239.94,111.98
240.29,102.26
240.40,148.24
240.45,195.85
240.68,244.33
240.75,211.54
240.88,71.36
240.99,105.85
241.37,237.26
241.65,201.90
241.66,23.26
241.92,117.34
242.16,131.53
242.77,29.34
242.95,198.40
243.38,168.01
243.55,17.72
243.61,230.98
243.78,188.80
243.89,154.45
244.23,139.26
244.24,51.01
244.26,150.20
244.38,74.23
244.43,174.80
244.45,87.94
244.47,114.56
244.58,15.42
244.59,95.94
244.68,224.51
245.09,182.27
245.19,78.42
246.52,138.09
246.71,214.38
246.79,217.33
246.86,228.96
247.14,187.88
247.30,253.64
247.60,177.73
247.73,135.30
248.02,58.23
248.24,190.90
248.28,141.38
248.74,206.64
248.76,35.52
248.85,86.32
249.28,96.79
249.53,126.99
249.55,210.95
249.95,227.52
250.15,5.11
250.15,38.09
250.78,14.29
250.91,160.31
250.96,246.53
250.97,124.92
251.05,75.28
251.06,180.57
252.23,185.89
252.26,86.21
252.83,65.05
253.02,157.07
253.06,183.04
253.61,172.99
253.79,236.81
254.10,124.53
254.22,154.60
254.32,81.06
254.36,136.52
254.52,1.11
254.56,101.38
254.63,58.70
254.84,40.73
254.84,111.74
254.90,247.66
255.20,187.39
255.67,43.80
255.67,195.38
0.19,77.51
0.54,122.24
1.20,129.94
1.24,218.02
1.27,96.55
1.42,141.08
1.53,126.85
1.68,66.09
1.83,103.59
2.15,171.02
2.68,202.46
3.77,80.70
4.15,119.29
4.16,5.05
4.28,105.06
4.29,18.91
4.36,215.22
4.49,32.25
4.53,239.80
4.67,129.09
5.52,38.20
5.52,125.73
5.63,133.17
5.64,235.18
6.22,197.68
6.38,72.57
6.49,112.08
6.68,82.17
7.13,97.59
7.34,12.91
7.44,160.37
7.47,168.19
7.70,170.62
7.83,181.53
8.13,32.32
8.21,227.75
8.28,148.93
8.34,108.60
8.44,54.69
8.72,242.69
9.11,128.74
9.11,225.01
9.56,217.02
10.88,208.52
11.21,138.91
11.48,104.43
11.48,144.67
11.71,155.14
12.24,161.76
12.30,25.50
12.36,93.31
12.46,42.24
13.90,109.07
14.12,105.40
14.22,84.81
14.42,154.06
14.45,11.01
14.72,137.97
14.90,70.96
14.95,61.48
15.05,192.01
15.10,8.67
15.54,202.02
16.62,107.62
16.65,209.94
17.19,133.64
18.02,98.93
18.16,112.43
18.19,24.83
18.19,254.71
18.70,234.09
18.74,17.76
18.78,248.17
18.82,141.48
19.10,61.12
19.13,47.43
19.89,114.42
20.47,32.32
20.49,241.41
20.74,126.58
21.39,253.74
22.05,151.65
22.33,37.90
22.44,10.68
22.50,68.50
22.52,60.50
22.61,205.69
22.64,164.52
23.29,217.76
23.36,201.67
23.57,111.05
23.79,6.89
24.15,126.00
24.41,222.66
24.81,66.71
24.96,213.10
25.09,58.68
25.41,245.94
25.53,134.96
25.81,190.97
25.85,37.98
26.62,33.00
27.15,163.11
27.50,13.98
27.67,52.94
27.86,122.94
27.89,229.86
28.22,127.43
28.31,30.37
28.46,18.03
28.48,65.84
28.55,242.17
29.25,71.02
29.25,84.46
29.27,105.00
29.34,212.99
30.06,176.64
30.54,165.75
30.70,81.13
30.78,45.29
31.01,233.30
31.29,108.45
31.71,134.88
32.10,249.71
32.21,159.07
32.73,83.94
33.00,174.69
33.28,247.41
34.03,3.23
34.12,52.56
34.29,191.66
34.65,229.05
34.80,97.53
34.83,240.54
34.87,154.81
34.88,211.84
34.90,74.85
34.91,206.54
35.03,159.12
35.08,151.37
35.22,82.35
35.34,61.75
35.47,200.92
35.59,195.52
35.62,255.06
37.24,23.03
37.72,2.05
37.80,134.45
37.85,31.07
37.87,178.36
38.00,137.74
38.21,249.42
38.28,95.05
38.38,198.46
38.42,28.68
38.51,130.73
39.57,112.85
40.79,171.21
40.93,177.33
41.04,69.12
41.28,138.12
41.42,125.56
41.47,148.92
41.54,200.86
41.60,185.21
42.15,114.49
42.25,94.47
42.28,191.34
42.56,242.70
43.21,135.88
43.70,237.61
44.05,20.40
44.24,139.47
44.41,31.90
44.53,159.69
44.78,177.87
44.99,101.75
45.94,163.05
46.22,227.55
46.70,250.15
46.91,223.97
46.98,42.43
47.37,114.77
47.51,230.56
47.59,138.34
47.82,52.59
48.22,221.14
48.98,85.98
49.07,158.12
49.10,235.02
49.14,130.50
49.42,225.34
49.50,97.37
49.71,4.53
50.11,66.32
50.23,32.24
50.91,135.05
51.24,107.25
51.53,190.68
51.75,63.83
51.82,117.88
51.90,122.03
51.98,195.28
52.05,20.23
52.08,172.62
52.85,58.17
53.74,132.17
53.97,66.99
54.22,114.68
54.27,104.58
54.38,94.79
54.77,233.78
54.82,125.25
54.83,146.50
54.94,193.45
55.18,220.17
55.31,31.77
55.51,181.53
55.53,161.74
56.04,128.92
57.23,13.68
57.30,58.08
57.30,222.59
57.95,132.61
57.99,145.01
57.99,249.88
58.01,78.41
58.10,115.41
58.18,242.20
58.35,98.48
58.40,55.87
58.50,158.27
58.69,37.55
58.86,154.47
58.92,128.60
59.08,24.99
59.21,89.09
59.69,81.28
59.77,134.46
60.12,76.71
60.15,136.96
60.44,140.61
60.93,211.24
61.21,183.47
61.24,49.26
61.26,71.55
61.41,117.95
61.44,248.75
61.46,98.52
61.86,191.44
62.08,107.64
62.30,57.49
62.30,218.98
62.41,26.81
62.56,75.14
63.60,246.56
63.89,184.42
64.06,120.81
64.07,14.33
64.26,235.86
64.52,54.63
64.67,82.85
65.03,219.51
65.11,163.91
65.25,26.06
65.30,174.18
65.49,249.70
65.72,6.36
66.02,181.32
66.74,111.99
67.14,96.75
67.61,17.29
67.75,226.57
67.81,47.93
68.26,170.63
68.31,32.21
68.32,243.17
68.38,173.68
68.40,162.25
68.69,131.93
68.70,213.12
69.06,255.08
69.15,217.46
69.27,116.43
69.42,74.51
69.69,35.38
69.92,167.66
70.41,18.64
70.46,174.66
71.24,2.82
71.42,238.94
71.43,63.01
71.86,219.71
71.94,82.09
72.50,150.73
72.50,208.57
72.50,135.67
73.50,174.98
73.50,103.78
73.59,245.84
73.77,251.38
74.02,127.01
74.17,187.38
74.22,114.49
74.29,227.32
74.31,232.91
74.33,205.87
74.39,130.78
74.52,158.01
74.86,119.06
74.88,238.30
75.50,21.25
75.50,152.92
75.80,250.15
75.93,138.99
76.37,111.46
76.37,176.34
76.72,69.01
76.78,210.39
77.39,234.06
77.48,84.39
77.48,144.47
77.91,228.55
78.16,141.67
78.18,91.46
78.56,121.45
79.01,239.38
79.12,1.52
79.31,185.59
79.55,204.67
79.96,22.45
80.04,145.50
80.28,5.02
80.54,61.18
81.55,41.29
81.71,53.27
83.16,142.81
84.06,165.37
84.15,12.03
84.15,51.47
84.22,190.79
85.02,31.59
85.73,204.59
85.79,74.88
87.11,155.70
87.21,141.99
87.26,65.83
87.29,29.38
87.36,114.71
87.60,168.18
87.75,233.96
87.94,174.92
88.03,180.17
88.10,165.54
88.44,38.53
88.61,78.66
88.73,171.69
88.74,63.29
88.79,144.28
89.19,107.90
89.33,31.88
89.40,101.68
89.49,159.99
90.00,93.25
90.47,25.46
90.52,111.27
90.96,173.75
91.52,131.44
91.56,231.41
91.71,167.68
91.71,220.79
91.83,239.63
91.85,201.24
92.03,57.30
92.23,178.14
92.28,65.65
92.81,14.96
92.83,100.89
93.16,223.57
93.80,8.56
93.80,73.97
93.86,71.00
94.41,41.50
94.46,137.53
94.61,104.39
94.93,37.60
95.03,218.83
95.15,145.48
95.37,178.93
95.58,99.74
95.61,215.06
95.84,96.86
95.92,134.55
96.17,200.39
96.21,224.91
97.55,5.14
97.64,21.92
97.66,238.58
97.68,71.40
97.85,195.24
97.96,190.22
98.36,165.50
98.37,104.45
98.76,27.69
98.83,42.45
98.90,19.14
99.00,99.26
99.21,198.12
99.51,112.97
99.53,47.35
100.21,123.42
100.45,148.34
100.74,80.53
100.74,109.53
101.04,187.91
101.18,178.89
101.30,102.71
101.35,191.19
101.51,117.46
101.56,6.60
102.44,138.10
103.13,210.71
103.34,58.95
103.45,98.27
103.47,180.81
103.74,101.41
104.23,66.30
104.28,80.12
104.64,207.75
104.74,4.80
104.78,186.03
104.79,227.93
105.17,137.92
105.67,71.92
105.78,158.34
106.64,152.66
106.87,89.09
107.13,93.90
107.35,46.10
107.44,237.97
107.48,114.99
107.60,210.56
108.27,61.91
108.34,15.19
108.45,148.09
108.52,123.85
108.65,205.41
108.75,188.52
109.01,91.90
109.35,191.34
110.18,85.18
110.59,27.57
110.61,53.41
110.94,154.02
111.07,30.25
111.31,178.60
111.48,67.11
111.55,240.83
111.61,147.43
111.61,237.20
112.27,22.16
112.40,209.71
112.51,181.45
112.60,206.91
113.14,116.67
113.24,144.66
113.27,40.75
113.53,5.42
113.89,142.01
114.00,81.17
114.13,55.72
114.14,241.35
115.01,29.99
115.09,7.64
115.11,150.84
115.29,234.00
115.49,84.07
115.90,66.01
116.61,217.36
116.75,188.20
116.77,195.32
117.38,8.92
117.42,183.83
117.57,38.25
117.58,81.88
118.06,235.85
118.21,131.76
118.60,125.08
118.65,190.40
118.67,6.13
118.85,19.76
119.28,65.77
119.35,98.26
119.95,112.70
119.99,157.43
121.63,214.87
122.29,37.85
123.46,103.58
123.66,184.17
123.71,52.39
123.91,67.50
123.92,163.37
124.02,168.22
124.40,80.80
124.43,107.47
124.77,240.20
125.05,74.94
125.08,232.02
125.21,190.55
125.34,144.42
125.41,30.13
125.61,128.71
125.96,62.23
126.74,101.46
126.86,88.32
127.38,25.34
127.51,234.51
127.67,230.30
127.78,118.02
127.84,221.08
127.96,140.37
128.42,167.75
128.43,242.46
129.15,121.31
129.67,40.50
130.20,89.89
130.25,188.69
130.50,99.39
130.85,81.83
131.14,123.87
131.46,119.02
131.81,1.19
131.84,247.58
131.90,28.14
133.25,143.23
133.40,30.62
133.42,4.56
133.80,136.52
134.00,123.45
134.38,252.62
135.34,94.44
135.74,194.50
135.82,125.73
135.88,242.14
136.21,176.74
136.53,67.00
137.28,104.80
137.51,190.97
137.62,41.32
137.97,102.00
138.05,64.18
138.07,125.36
138.26,45.75
138.57,142.95
138.60,56.63
138.64,187.55
138.71,80.35
138.78,32.22
138.86,10.18
139.07,205.04
139.45,240.63
139.61,59.56
139.66,23.76
140.65,155.09
140.72,158.63
140.74,40.82
140.93,150.59
140.98,182.25
141.00,100.35
141.06,248.24
141.15,164.43
141.17,19.53
141.19,176.68
141.58,191.57
141.76,51.71
141.92,255.54
142.33,61.51
142.89,201.98
143.38,228.10
143.71,139.50
143.91,174.81
143.91,197.32
144.26,85.96
144.35,253.77
144.36,241.70
144.45,146.52
144.78,157.29
144.82,194.22
144.97,237.57
145.20,101.55
145.48,104.73
145.55,5.38
147.40,2.72
147.70,18.52
148.05,127.02
148.06,120.76
148.15,187.06
148.25,89.35
148.26,134.92
148.35,206.92
148.36,217.01
148.54,220.10
148.85,32.77
148.91,240.65
148.95,106.36
150.17,204.34
150.37,8.00
150.50,110.99
150.57,71.35
150.92,44.36
150.93,178.64
151.06,232.94
151.11,54.83
151.37,228.57
152.15,18.46
152.20,194.78
152.63,65.52
152.74,188.31
153.66,171.94
153.73,144.64
153.74,112.36
153.87,224.58
154.10,109.19
154.10,255.09
154.16,163.71
154.34,38.59
154.38,61.07
154.63,217.92
154.81,177.78
154.86,69.05
154.92,228.21
155.49,124.56
155.51,232.67
157.05,31.02
157.07,54.25
157.36,111.34
157.56,148.29
157.64,119.34
157.70,134.87
157.91,122.66
158.09,105.26
158.36,35.27
158.37,197.87
158.56,176.21
158.96,217.89
159.80,59.68
159.80,64.54
159.96,192.85
160.16,15.78
160.51,168.41
160.61,75.70
160.87,26.09
160.93,196.42
160.96,78.68
161.17,10.83
161.17,124.49
161.36,72.39
161.47,160.47
161.51,106.19
161.51,230.87
161.55,214.10
161.66,112.42
161.71,247.73
161.81,121.08
161.86,2.40
162.52,191.03
163.75,196.00
163.76,124.49
163.97,77.91
164.29,40.63
164.38,210.45
164.87,44.12
164.91,90.74
164.94,65.81
164.98,188.09
165.14,26.61
165.92,229.02
167.47,125.33
167.77,47.83
167.79,137.95
167.79,185.60
167.82,89.35
167.99,94.01
167.99,217.58
168.35,249.57
168.42,205.95
168.56,28.28
168.64,177.11
168.68,24.01
168.85,210.82
168.87,44.99
169.18,255.19
169.54,168.05
170.38,138.45
171.48,25.61
171.48,178.74
171.52,130.88
171.57,161.51
171.70,57.65
171.77,147.70
171.83,141.09
171.90,230.78
172.33,209.72
172.55,106.49
173.19,247.76
173.42,83.68
173.56,217.42
173.96,137.36
174.29,227.62
174.46,233.47
174.80,128.13
174.82,37.82
174.84,225.32
175.13,41.22
175.45,62.30
175.60,148.15
175.75,88.30
176.19,251.63
176.83,120.90
176.85,243.65
177.08,80.41
177.26,234.64
177.49,167.14
177.97,208.17
178.36,161.07
178.51,171.15
178.74,182.10
178.76,185.59
178.86,164.81
178.88,226.79
179.45,84.31
180.37,96.90
180.48,221.44
180.71,105.75
181.02,81.18
181.39,27.40
181.52,49.39
181.74,197.06
182.67,38.94
183.58,78.17
183.68,55.33
183.74,88.80
184.09,214.31
184.38,147.33
184.48,61.16
184.79,119.30
185.09,103.08
186.21,172.70
187.36,72.30
187.39,169.55
187.61,114.75
187.81,191.86
187.94,161.40
187.96,110.54
188.13,207.31
188.66,173.62
189.03,220.59
189.89,193.69
190.02,129.16
190.06,134.89
190.53,110.15
190.97,18.73
191.10,170.61
191.52,79.13
191.56,87.13
191.60,82.05
191.63,45.82
191.69,234.40
191.73,200.17
191.83,70.79
192.00,245.03
192.18,117.97
192.32,7.38
193.72,55.68
193.84,44.47
194.10,49.38
194.29,231.33
194.33,210.09
195.12,237.06
195.14,198.63
195.28,35.47
195.43,158.57
195.46,130.31
195.48,8.68
195.51,233.88
196.11,175.34
196.18,218.42
196.58,147.58
196.90,144.71
197.97,82.35
198.23,253.75
198.60,248.83
198.64,35.19
198.69,79.54
198.72,20.71
199.96,146.81
200.39,31.42
200.40,211.63
200.64,128.04
201.61,112.58
201.61,243.25
201.83,208.31
201.93,82.12
202.26,1.20
203.30,152.19
203.31,10.32
203.46,96.41
203.50,247.73
203.55,65.76
204.03,147.60
204.40,31.68
204.71,221.87
204.92,131.39
205.35,55.29
205.47,137.64
205.53,156.82
205.88,59.90
206.19,28.13
206.21,39.07
207.13,238.85
207.24,191.01
207.66,126.93
207.89,185.83
208.25,141.16
208.34,30.32
208.78,228.76
208.87,52.29
208.87,193.77
209.27,216.11
210.38,38.29
210.48,74.22
210.68,35.40
210.71,69.32
210.84,123.75
210.98,231.71
211.40,30.36
212.18,86.96
212.23,194.69
212.61,179.85
213.06,186.74
213.38,191.65
213.50,254.75
213.56,4.43
213.66,112.07
214.05,153.82
214.28,36.21
214.35,157.54
214.66,107.04
214.79,78.09
214.88,1.26
216.12,252.49
216.42,22.73
216.62,68.61
216.67,25.27
216.75,139.48
217.19,241.08
217.29,20.44
217.36,1.57
218.14,35.56
218.17,76.46
218.34,91.95
218.75,142.52
220.25,138.62
220.61,94.76
220.82,1.94
220.89,56.32
221.24,217.45
221.50,30.89
222.18,152.30
222.28,36.30
222.31,247.16
222.94,123.49
223.23,47.86
223.43,125.82
223.67,249.84
223.69,237.08
224.01,28.48
224.67,144.70
224.76,139.61
224.78,66.02
224.97,20.54
225.11,158.30
225.23,84.47
225.39,246.48
225.71,244.17
226.64,177.94
226.86,113.49
227.00,121.50
227.13,240.30
227.71,150.17
227.72,188.02
227.94,175.32
227.98,54.29
228.16,75.45
228.23,139.21
228.24,104.90
228.32,111.57
228.32,128.65
228.46,164.38
228.58,237.79
228.68,185.21
228.74,194.28
229.26,78.01
229.94,145.50
230.05,43.69
232.20,199.05
232.40,148.44
232.47,104.82
232.59,43.48
233.27,126.85
233.62,35.55
233.62,235.22
233.65,158.35
233.82,2.77
233.92,117.27
233.98,170.17
234.01,11.97
234.02,129.86
234.15,48.80
234.16,214.53
234.59,177.00
235.18,251.14
235.32,89.27
235.61,136.14
235.69,17.65
236.13,50.65
236.13,202.58
236.59,86.43
236.67,94.77
237.72,183.29
237.95,45.12
238.03,251.97
238.06,81.47
238.11,35.50
238.37,52.37
238.72,248.44
238.75,180.42
238.89,128.83
239.00,25.23
239.05,219.36
239.70,1.73
239.77,240.30
239.84,154.37
240.49,7.18
240.52,190.78
240.91,39.16
241.40,156.67
241.45,182.84
241.53,34.35
241.59,67.42
241.67,94.38
242.94,58.93
243.06,61.46
243.10,145.32
243.24,90.85
243.67,246.98
243.77,5.48
244.05,10.21
244.06,158.69
244.79,24.72
245.26,221.16
245.47,244.15
245.51,93.59
246.07,35.72
246.36,81.92
246.64,12.31
246.69,247.74
246.79,90.90
246.84,112.50
246.90,31.83
247.27,4.33
247.48,158.48
248.21,119.11
248.31,15.54
248.56,71.82
248.83,148.16
249.99,31.13
250.11,20.89
250.40,195.80
251.42,121.56
251.69,113.56
251.89,25.38
251.95,71.67
252.56,107.11
252.81,45.64
253.11,116.60
253.25,21.90
254.03,13.94
254.03,120.38
254.04,128.53
254.99,131.94
255.09,73.65
255.20,98.60
255.54,64.52
255.91,151.14
0.74,138.64
0.87,154.98
0.89,250.09
1.06,235.59
1.14,224.00
1.72,186.69
2.33,12.05
2.42,37.97
2.55,91.15
2.56,133.16
2.74,248.00
3.38,111.32
3.65,73.84
3.69,245.47
3.89,150.72
3.98,153.13
4.03,8.66
4.55,200.37
4.93,24.13
4.96,34.99
4.98,156.23
5.61,173.03
6.32,21.30
7.00,69.96
7.44,207.83
7.87,151.88
8.15,24.32
8.31,50.00
8.58,137.51
8.61,134.19
8.72,173.99
8.99,105.22
9.55,187.32
9.81,22.06
10.55,101.11
10.94,124.65
11.02,57.39
11.14,191.38
11.21,174.21
11.59,202.07
12.04,6.44
12.35,224.50
12.38,51.38
12.44,127.20
14.30,131.91
14.32,1.47
14.39,254.40
14.77,207.30
14.81,216.88
15.06,56.17
15.24,188.64
15.51,87.05
15.57,124.01
15.90,236.19
15.91,178.49
17.03,176.28
17.22,119.70
17.49,186.33
17.79,84.53
17.79,94.69
17.83,167.52
17.85,161.10
17.93,1.19
18.43,7.01
18.46,154.63
18.46,200.20
18.56,151.04
18.58,138.94
18.60,144.43
18.63,125.77
19.44,165.25
21.14,118.59
21.28,84.36
21.34,158.07
21.55,91.75
21.71,122.36
21.77,107.76
21.93,35.18
22.14,18.47
22.27,47.24
22.57,115.42
22.70,208.37
22.73,140.43
22.79,24.66
22.95,99.86
23.97,33.67
24.14,161.77
24.47,172.01
24.83,123.62
25.11,155.37
25.40,25.80
25.51,3.29
25.57,129.75
25.73,218.27
25.74,178.08
25.88,74.75
25.93,198.97
25.94,142.76
27.18,106.64
27.57,36.00
27.67,196.71
27.81,253.67
27.99,78.92
28.11,173.93
28.72,248.96
29.02,161.14
29.49,170.98
29.79,76.48
30.14,252.36
30.40,124.83
30.56,37.04
30.76,64.31
31.55,61.37
31.57,223.74
31.72,168.81
31.77,244.52
31.94,28.92
31.95,127.25
31.99,122.42
32.06,179.95
32.33,77.07
32.34,227.21
32.51,99.93
32.64,57.06
33.47,148.56
33.64,49.12
33.68,19.04
34.19,162.78
34.50,127.39
34.57,32.12
34.70,145.50
34.81,6.11
35.05,183.72
35.22,16.07
35.77,89.78
36.06,100.87
36.15,86.99
36.36,232.91
36.75,209.70
37.61,76.23
38.04,34.33
38.06,148.53
38.18,61.31
38.32,244.68
38.33,42.64
38.45,8.75
38.57,65.13
38.65,81.98
39.06,53.36
39.06,241.45
39.29,252.71
39.52,230.75
39.85,181.80
40.17,89.34
41.23,130.42
41.52,163.29
41.68,159.96
42.50,44.81
42.59,204.56
42.92,165.52
43.81,64.81
44.40,173.73
44.44,194.40
44.56,98.71
44.57,72.19
44.67,17.34
44.81,252.39
44.86,23.74
45.15,4.38
45.19,232.12
45.22,215.45
45.40,55.43
45.51,151.75
46.31,103.86
46.74,6.95
47.70,21.04
47.70,194.23
47.79,65.98
47.80,159.69
47.83,184.47
47.87,57.97
48.27,248.30
49.28,60.51
49.54,125.30
49.86,110.12
50.14,231.89
50.39,75.98
50.45,203.13
50.64,206.46
50.96,155.17
51.33,102.04
51.41,90.87
51.76,220.93
51.84,144.49
52.09,137.94
52.21,112.31
52.76,50.17
53.06,213.06
53.43,202.76
53.54,11.56
53.71,228.03
53.79,199.82
53.92,164.84
53.97,52.78
54.38,19.51
54.66,25.59
54.72,173.57
54.78,134.95
54.89,224.61
55.03,78.86
55.10,236.62
55.16,99.35
55.17,8.85
55.21,117.43
55.54,137.39
55.64,22.06
55.84,197.22
55.90,184.12
55.95,253.42
55.99,167.48
56.85,84.53
56.90,1.04
56.98,27.45
57.23,68.37
57.56,212.54
57.99,92.45
58.24,64.78
58.31,21.92
59.69,197.04
59.76,226.95
59.81,170.57
60.04,84.71
60.57,199.39
60.72,111.64
61.17,151.39
62.35,23.36
62.54,40.55
62.80,6.43
63.34,125.65
63.41,133.57
63.87,213.93
64.08,143.93
64.64,22.15
64.76,18.88
65.15,50.68
65.23,238.42
65.27,94.54
65.37,141.33
65.70,244.53
65.79,124.50
65.86,34.00
65.92,76.66
66.21,216.27
66.40,228.66
66.59,38.79
66.63,9.36
67.45,62.44
67.62,198.04
67.80,29.19
67.87,251.43
68.47,68.11
68.47,154.42
68.50,65.57
68.54,128.80
68.92,40.83
69.19,44.41
69.90,60.25
70.26,194.17
70.28,93.32
70.39,27.41
70.52,231.69
70.82,152.69
71.12,243.83
71.23,181.25
71.32,66.74
71.75,198.24
71.93,21.66
71.96,169.74
72.01,201.98
72.18,189.20
72.27,235.07
72.44,177.79
72.50,155.55
74.32,255.75
74.45,10.50
74.49,80.69
74.50,144.98
74.57,221.72
74.60,216.33
74.91,92.19
74.96,72.80
75.50,14.51
75.62,44.65
75.66,134.26
75.73,49.02
75.94,203.86
76.31,246.16
76.98,254.13
77.04,80.99
77.34,72.00
77.40,224.95
77.75,37.75
77.98,114.84
78.55,51.72
78.83,196.70
79.26,65.89
79.27,28.30
80.11,69.58
80.54,136.85
81.16,123.90
81.36,32.26
81.84,16.21
82.09,115.95
82.22,58.66
82.36,214.35
82.37,35.69
82.56,68.37
83.23,4.10
83.58,28.47
83.85,229.34
84.11,195.47
84.19,201.83
84.56,212.51
84.64,80.84
84.87,209.81
84.95,34.23
84.97,171.98
85.33,20.60
85.53,130.60
85.98,227.09
86.79,90.95
87.70,57.84
87.94,191.42
88.21,99.23
88.49,95.66
88.57,131.39
88.87,219.54
90.71,163.94
90.83,114.70
91.06,5.73
91.32,243.46
91.42,194.26
91.65,227.04
92.08,11.70
92.21,251.41
92.37,161.73
92.38,63.13
93.21,60.56
93.47,18.04
93.59,89.49
94.14,148.10
94.19,228.39
94.59,0.58
94.96,154.17
95.56,82.00
96.14,181.58
97.37,230.91
97.38,102.27
97.44,77.24
97.68,110.43
97.73,244.76
97.80,187.15
98.11,157.51
98.55,246.89
98.85,84.22
99.15,228.87
99.30,213.70
99.93,164.37
100.30,90.91
100.39,69.64
100.65,14.51
100.90,207.46
101.02,242.74
101.26,151.74
101.36,221.43
101.51,184.06
101.56,94.82
101.62,72.58
101.65,50.11
101.93,161.05
102.20,215.35
103.22,163.55
103.71,69.01
104.05,90.29
104.19,48.40
104.30,133.23
104.34,40.95
104.40,150.44
104.49,240.41
104.66,253.92
105.07,121.48
105.21,74.40
105.55,107.71
105.61,142.23
105.66,38.28
105.74,193.91
106.62,201.86
107.11,49.60
107.15,243.46
107.73,1.03
108.01,11.32
108.05,64.44
108.39,175.43
108.43,140.09
108.58,234.88
108.73,180.63
108.74,39.11
109.12,201.17
109.26,118.54
109.30,254.65
110.01,170.70
110.56,71.25
110.82,7.67
111.05,211.82
111.13,136.97
111.21,217.71
111.32,203.48
111.55,18.49
111.66,63.32
111.81,110.97
112.28,220.17
113.01,139.19
113.84,45.27
114.14,167.21
114.71,26.11
114.94,200.46
115.13,94.12
115.15,146.90
115.35,111.81
115.41,127.55
115.91,42.66
117.11,47.81
117.29,73.88
117.29,254.25
117.38,167.55
117.55,243.63
118.85,221.86
119.59,200.59
120.02,219.41
120.32,164.66
120.51,109.62
120.54,1.58
120.58,246.95
120.64,45.89
120.72,204.74
120.92,51.49
121.34,84.34
121.38,144.92
121.45,254.63
121.54,236.49
121.56,4.56
121.68,40.95
121.72,79.08
122.07,18.60
122.15,150.05
122.16,177.35
122.26,131.49
122.58,115.25
122.85,31.57
122.91,193.31
123.60,111.15
123.70,120.94
123.91,160.28
124.42,86.60
124.43,147.54
124.68,187.19
124.78,243.80
124.92,71.44
125.27,179.22
125.54,141.06
125.67,96.22
125.74,153.42
126.37,122.29
126.39,104.19
126.41,44.86
126.80,176.81
127.47,218.03
127.74,213.03
127.84,208.39
127.88,31.75
127.94,11.67
127.96,37.71
127.96,254.59
128.37,133.57
128.58,247.26
128.69,60.20
129.89,22.39
130.14,217.06
130.15,65.42
130.28,85.79
130.32,199.25
130.73,237.69
130.93,9.14
131.15,134.48
131.18,24.59
131.29,101.92
131.68,60.64
131.72,219.96
131.85,138.61
131.86,201.52
132.10,155.64
132.15,227.94
132.46,41.65
132.54,57.77
133.29,45.17
133.35,178.28
133.36,74.37
133.39,16.75
133.74,181.48
133.92,255.26
134.13,120.37
134.38,104.51
134.57,25.94
134.60,22.71
134.67,100.67
134.77,84.32
135.04,184.66
135.12,42.82
135.14,227.13
135.43,217.23
135.58,206.39
135.62,55.25
135.85,170.71
135.97,12.32
136.06,144.25
136.44,30.52
136.79,157.67
137.18,0.25
137.21,121.37
137.30,24.28
137.59,27.63
137.67,222.15
137.94,208.27
137.95,218.80
138.84,152.23
139.11,162.94
139.25,169.34
140.31,211.05
140.79,124.09
140.92,1.76
141.09,27.53
141.58,64.55
141.81,84.45
142.24,115.27
142.31,170.17
142.42,208.50
142.78,89.29
143.02,162.15
143.37,141.89
143.77,14.80
143.87,135.65
143.97,213.53
144.12,20.12
144.15,130.55
144.26,233.64
144.32,217.71
144.38,250.52
144.74,47.76
144.74,151.74
144.78,210.64
144.90,93.56
145.29,220.33
145.46,207.19
145.50,204.47
145.99,8.17
146.30,69.10
146.31,199.19
146.41,98.78
146.56,34.13
147.28,117.86
147.28,214.85
147.68,234.39
147.79,196.70
147.80,66.43
147.86,37.09
148.17,82.72
148.63,193.60
148.89,253.72
148.90,92.46
148.91,181.29
148.98,103.14
149.06,248.17
149.15,157.48
149.20,100.46
149.85,64.26
150.22,58.13
150.38,132.22
150.40,119.91
150.53,175.87
151.23,217.03
151.36,221.73
151.93,61.19
152.22,30.38
152.38,89.98
152.46,104.92
152.48,167.88
153.41,247.12
153.50,11.30
153.82,157.45
154.11,74.41
154.25,251.08
155.25,57.96
155.31,214.77
155.61,47.07
155.79,160.60
156.89,92.19
157.27,40.03
157.27,164.64
157.32,9.00
157.35,224.04
157.43,190.74
157.44,194.78
157.54,24.10
157.54,174.07
158.05,102.25
158.55,215.06
158.96,0.51
159.58,127.10
159.77,47.62
160.20,183.37
160.71,18.81
160.79,210.83
160.87,44.87
160.89,222.90
161.04,31.09
161.40,109.79
161.85,7.97
162.14,28.61
163.42,18.50
163.53,203.99
164.16,250.43
164.37,117.95
164.52,108.26
164.65,144.04
165.01,37.99
165.04,165.83
165.13,24.21
165.64,213.48
166.57,57.16
166.67,70.39
166.79,1.67
167.67,221.22
167.91,12.70
168.37,213.97
168.71,150.33
168.85,243.87
168.96,20.64
169.46,105.12
170.17,77.57
170.46,134.84
170.51,11.37
170.86,67.93
170.97,15.85
171.21,172.10
171.84,144.84
172.45,94.31
172.71,75.71
173.23,13.95
173.53,48.96
173.66,170.89
173.79,122.50
173.98,199.03
174.08,211.60
174.36,194.04
174.43,2.01
174.82,131.80
175.01,90.96
175.31,50.57
175.60,215.11
175.66,96.30
175.79,219.42
176.19,188.10
176.21,16.97
176.21,247.23
176.66,151.23
177.17,254.70
177.24,157.06
177.43,104.32
177.76,108.45
178.40,249.63
178.50,71.99
178.57,175.06
178.72,101.42
178.98,205.28
179.86,231.55
179.87,137.93
180.00,34.95
180.09,88.91
180.70,23.70
180.76,250.63
180.79,45.59
180.86,174.39
180.99,14.16
181.02,58.22
181.18,247.63
181.46,234.08
181.58,201.49
181.59,124.27
181.87,115.22
182.22,144.15
182.60,133.14
182.66,178.91
183.36,72.12
183.47,152.05
183.54,174.90
183.57,3.38
183.88,109.01
183.93,69.32
184.01,231.44
184.03,194.42
184.12,161.15
184.28,149.56
184.53,16.77
184.81,6.04
185.10,112.44
185.28,11.19
185.65,210.37
187.19,247.79
187.36,101.31
187.47,130.16
187.64,60.88
187.99,181.27
188.10,251.65
188.29,177.34
188.35,41.13
188.61,200.96
189.16,63.25
189.33,184.66
189.94,208.86
190.06,121.71
190.11,65.86
190.42,113.61
190.71,48.27
190.79,21.76
190.82,51.70
190.89,10.62
191.14,107.21
191.40,42.01
191.41,174.50
191.67,90.18
191.67,205.10
191.77,237.03
191.79,240.96
191.89,221.55
192.10,123.65
192.63,76.61
192.77,254.31
193.56,127.71
193.65,178.19
193.71,194.80
193.80,226.06
193.82,167.67
193.87,191.25
194.19,173.22
194.48,68.66
194.70,86.47
194.93,221.92
195.14,4.84
195.19,72.04
195.27,228.80
195.90,179.81
196.03,50.79
196.83,124.95
197.47,196.07
197.78,46.79
197.85,70.57
198.05,158.23
198.13,229.65
198.21,28.71
198.45,208.94
199.31,161.85
199.43,3.09
199.71,105.12
199.97,152.09
200.89,84.94
200.99,131.52
201.11,172.29
201.35,35.51
201.45,218.60
201.58,63.45
202.09,233.14
202.47,38.97
202.50,24.25
202.58,92.76
202.79,87.88
202.81,139.32
203.06,230.58
203.27,160.46
203.55,70.23
203.66,76.07
203.93,216.44
204.26,34.05
204.59,142.02
204.59,192.33
204.85,207.91
205.01,213.52
205.95,201.45
206.18,83.66
206.40,77.41
206.55,255.44
206.92,98.37
207.13,79.94
207.18,49.41
207.45,74.91
207.64,158.60
207.67,2.05
207.73,17.51
207.78,251.44
207.86,145.50
208.13,33.44
208.24,134.91
208.34,138.20
208.36,10.02
208.40,172.41
208.42,220.77
208.48,164.25
208.49,67.47
208.50,201.76
208.59,224.08
210.46,105.20
211.07,8.38
211.19,21.94
211.25,12.09
211.34,57.20
211.57,171.26
211.95,204.22
212.08,251.56
213.38,241.38
213.46,67.39
213.73,121.76
213.92,163.56
213.98,94.01
214.42,176.76
214.55,213.37
214.68,85.44
214.77,44.98
214.85,172.28
215.00,47.75
215.16,188.72
215.32,117.12
215.89,120.80
216.08,114.33
216.33,30.73
217.23,215.32
217.57,153.02
217.60,244.63
217.79,41.00
218.53,71.02
218.91,54.59
219.17,150.51
220.12,162.10
220.41,178.07
220.43,87.49
220.45,214.52
220.60,204.83
221.03,98.65
221.03,187.54
221.38,241.29
221.42,5.84
221.48,200.97
221.72,84.69
221.93,222.40
222.70,196.88
223.09,226.83
223.20,129.96
223.47,213.67
223.55,231.57
223.88,120.41
224.07,221.65
224.08,87.55
224.09,185.53
224.34,171.75
224.58,240.96
224.66,175.24
225.15,201.43
225.60,194.11
225.62,183.19
225.72,155.09
226.09,1.43
226.19,215.38
226.83,4.36
226.88,171.03
227.42,90.55
227.62,98.46
227.76,66.47
227.90,36.90
227.98,212.69
228.03,158.16
228.11,197.89
228.12,191.26
228.55,9.28
228.86,21.86
228.92,63.82
229.08,251.43
229.93,142.83
230.05,150.83
230.18,97.14
230.33,173.61
230.46,51.20
230.73,67.90
230.82,240.61
231.00,128.42
231.18,15.50
231.19,48.65
231.41,212.68
231.85,94.68
232.01,137.60
232.94,20.00
233.72,174.20
233.84,197.14
234.09,76.91
234.26,180.23
234.40,25.50
234.52,243.17
234.98,121.92
235.11,230.05
235.17,161.78
235.19,27.97
235.76,125.69
236.07,186.65
236.23,150.34
236.97,158.46
237.75,104.25
237.91,19.83
237.91,191.29
238.06,213.82
238.21,225.15
238.33,151.74
238.38,67.95
240.07,124.42
240.08,57.30
240.44,120.98
240.55,54.79
240.67,10.26
240.68,74.64
240.70,227.35
241.03,223.48
241.43,80.08
241.54,151.87
241.59,254.70
241.66,172.38
242.10,215.54
242.22,64.16
242.31,42.31
243.43,102.25
243.85,218.34
243.95,227.05
244.21,213.23
244.91,104.77
244.93,40.85
245.40,64.33
245.43,185.43
245.56,7.48
245.63,142.46
245.98,163.24
246.17,196.43
246.36,126.32
247.15,151.11
247.33,70.20
247.38,39.82
247.50,22.89
247.67,43.55
248.09,225.13
248.32,8.84
248.43,220.43
248.93,104.78
248.94,0.87
249.77,28.62
249.85,67.61
250.20,164.64
250.84,232.77
250.93,78.82
251.04,238.38
251.25,207.79
251.66,2.05
252.08,151.93
252.10,148.56
252.11,33.37
252.79,162.29
253.41,197.41
253.54,140.79
253.59,56.16
253.89,27.94
254.19,31.19
254.46,61.07
254.51,231.30
254.86,227.89
255.01,239.66
255.06,48.29
255.06,214.06
255.11,254.34
255.12,205.22
255.15,68.42
255.39,85.47
255.77,116.23
0.07,51.79
0.39,15.93
1.11,243.59
1.31,27.88
1.39,135.81
1.90,213.60
2.12,109.20
2.12,114.33
2.43,85.19
3.25,174.98
3.59,205.24
3.60,178.30
3.99,68.63
4.25,161.13
4.37,211.26
4.40,47.78
4.40,140.95
4.82,65.38
4.98,148.24
5.53,59.21
5.57,55.57
5.57,77.83
5.66,144.96
5.89,51.23
6.11,217.73
6.51,1.36
6.83,40.22
7.08,16.06
7.33,140.99
7.36,238.58
7.45,203.87
7.89,58.00
7.99,192.23
8.14,100.21
8.22,95.07
8.31,35.83
8.39,5.87
8.55,27.83
8.77,211.33
8.97,74.62
10.01,92.86
10.60,240.67
10.83,254.84
10.93,234.99
11.04,85.33
11.14,109.09
11.17,230.60
11.24,147.57
11.55,65.11
11.55,246.92
11.73,54.16
11.83,69.23
11.88,151.19
12.14,20.68
12.26,188.56
12.38,135.11
14.04,199.34
14.40,95.23
14.58,45.03
14.60,249.91
14.64,164.82
14.81,212.01
14.87,48.17
14.91,148.06
14.97,184.01
15.00,73.79
15.24,14.17
15.26,162.01
15.45,41.97
15.50,51.51
15.83,151.09
16.11,244.67
18.12,15.01
18.14,58.32
18.22,91.74
18.25,35.46
18.33,11.44
18.40,181.27
18.68,174.31
18.86,207.92
18.92,21.11
19.91,229.27
20.22,203.54
20.40,43.84
20.46,78.06
20.56,161.95
20.70,136.71
21.03,27.09
21.18,57.23
21.48,134.21
22.00,74.63
22.03,87.91
22.19,233.63
22.25,214.95
22.79,186.01
22.93,129.03
22.95,190.75
23.67,180.46
24.11,137.62
24.86,45.89
25.04,238.62
25.37,183.12
25.53,230.84
25.58,249.60
25.87,147.78
26.64,139.82
26.76,115.04
27.45,131.70
27.48,44.02
27.88,101.47
28.10,87.15
28.40,234.04
28.97,116.96
29.26,119.73
29.77,228.38
30.09,99.46
30.66,218.62
30.87,39.77
30.87,130.35
31.12,188.69
31.43,240.70
31.69,103.49
31.80,162.92
31.96,1.01
32.25,254.02
32.32,213.74
32.88,116.71
33.23,143.15
34.36,187.62
34.45,167.02
34.51,45.32
34.69,103.89
34.69,178.47
35.14,41.73
35.41,170.69
35.67,109.80
36.58,114.55
36.93,156.78
37.32,50.58
37.52,145.26
37.66,170.29
37.77,116.88
37.79,187.12
37.79,218.02
38.21,47.70
38.28,127.36
38.30,104.75
38.44,72.30
38.49,160.90
38.54,164.62
38.75,5.25
38.89,18.22
39.12,110.08
39.29,100.99
39.98,211.43
40.37,196.85
40.71,238.66
40.77,227.83
40.79,117.90
41.18,233.76
41.35,245.18
41.45,102.42
41.56,32.57
42.06,155.31
42.49,250.86
42.62,128.03
42.63,25.02
43.73,36.90
43.87,145.50
44.15,8.00
44.22,224.18
45.10,212.24
45.34,126.59
45.63,170.87
45.67,185.82
46.43,83.84
47.13,237.29
47.56,73.76
47.77,217.52
47.82,155.00
47.88,150.97
47.94,174.82
48.18,180.72
48.30,78.21
48.68,119.11
48.68,188.73
48.91,70.52
49.15,46.39
50.08,148.62
50.15,104.52
50.33,22.75
50.37,240.46
50.39,186.87
50.47,228.82
50.74,247.85
50.78,183.36
50.99,164.93
51.20,251.67
51.31,198.49
51.92,24.85
51.94,140.84
52.12,42.20
52.12,243.72
52.27,224.13
52.47,77.84
52.59,129.95
52.87,157.16
53.60,185.87
54.23,247.46
54.24,34.97
54.36,251.06
54.59,39.74
54.65,142.11
55.01,91.24
55.27,210.58
55.57,154.44
55.69,60.59
55.70,158.43
55.74,216.72
55.75,4.46
55.79,102.32
56.23,88.10
56.96,201.19
57.19,51.45
57.51,124.65
57.80,237.50
57.97,32.91
58.02,142.27
58.30,204.57
58.36,186.22
58.48,44.57
58.78,73.38
58.84,253.99
58.87,40.86
58.98,219.00
59.06,11.90
59.50,47.95
60.67,7.93
60.71,34.52
60.75,63.55
60.79,130.76
61.02,105.99
61.31,148.22
61.49,91.12
61.50,201.97
61.93,144.76
63.03,171.73
63.38,102.31
63.54,110.28
64.57,87.91
64.73,136.80
64.75,176.86
64.90,150.50
64.93,194.06
65.10,58.69
65.16,190.43
66.84,73.49
67.08,185.44
67.29,121.37
67.36,81.48
67.52,195.39
68.10,4.79
68.35,201.30
68.36,247.11
68.47,52.37
69.34,89.31
69.55,83.79
70.07,7.86
70.26,50.34
70.31,250.92
70.56,121.06
70.75,144.69
71.23,111.85
71.30,224.48
71.59,86.85
71.61,45.02
71.67,58.22
71.68,118.38
71.79,127.71
71.96,25.05
72.37,191.98
72.40,29.65
72.40,39.80
73.50,160.66
73.55,51.18
73.79,34.49
73.84,84.74
74.00,171.78
74.47,37.38
74.73,59.11
74.78,88.67
74.78,211.78
75.01,25.08
75.01,55.40
75.62,197.98
75.84,2.32
76.09,241.96
77.68,213.32
77.79,96.07
77.98,30.31
78.59,34.72
78.63,180.91
78.82,230.82
79.08,244.69
79.13,155.18
79.28,45.60
79.41,215.64
79.73,14.46
80.04,55.85
80.42,253.02
80.69,233.96
80.93,85.44
81.17,47.93
81.18,153.58
81.56,147.65
81.68,26.93
81.69,157.98
81.73,193.53
81.83,77.49
81.99,208.09
82.03,63.61
82.16,231.39
82.23,224.01
82.41,10.47
82.46,204.86
82.77,150.46
82.94,24.03
83.64,134.83
83.76,239.67
84.13,119.13
84.20,251.15
84.31,247.31
84.41,160.90
84.60,168.89
84.83,100.88
85.16,62.01
85.30,59.38
85.33,145.15
85.36,126.27
85.52,108.72
85.65,138.83
86.10,184.63
86.46,122.66
86.59,18.47
86.87,26.46
86.90,194.31
86.98,47.25
87.28,1.14
87.59,41.78
87.66,128.05
87.66,188.16
88.21,85.20
88.23,4.84
88.53,89.03
88.73,205.69
88.83,197.21
88.90,49.93
89.05,16.47
89.21,210.21
89.35,60.41
89.46,55.26
89.85,117.88
90.30,34.64
90.34,185.64
90.81,71.02
90.83,191.08
91.27,97.15
91.36,120.97
91.52,52.77
91.77,81.71
92.26,170.68
92.58,78.90
92.85,108.89
93.73,151.22
93.76,51.52
93.77,203.87
93.80,119.46
93.80,211.87
94.00,45.55
94.06,245.90
94.26,21.08
94.54,186.90
94.58,77.24
94.69,111.51
94.87,208.65
95.05,54.93
95.23,194.72
95.32,141.74
95.41,34.58
95.60,58.37
96.19,91.76
96.23,66.34
96.33,88.36
96.58,241.61
97.07,121.26
97.24,149.51
97.30,60.59
97.43,184.23
97.94,155.16
98.37,176.74
98.72,127.60
99.01,222.69
99.43,66.92
99.61,180.90
100.03,131.79
100.66,233.72
100.81,218.36
100.82,193.88
100.91,251.64
100.92,77.62
100.94,200.32
101.40,128.19
101.80,230.63
101.81,120.63
101.87,64.58
102.07,175.69
102.21,141.71
103.29,130.14
103.30,165.98
103.60,8.97
104.33,15.42
104.68,213.08
104.73,191.15
104.78,52.28
104.82,44.28
105.75,168.58
106.00,96.52
106.82,100.86
106.92,85.61
107.16,163.30
107.71,183.51
107.79,120.89
107.81,129.94
107.88,34.84
107.96,67.07
107.96,69.93
107.99,226.90
108.36,21.25
108.39,107.92
108.59,103.65
108.70,79.71
108.72,241.31
108.87,208.13
109.34,74.67
109.63,50.66
110.51,78.13
110.79,56.70
111.01,251.92
111.17,164.38
111.30,59.70
111.34,104.89
111.38,248.86
111.42,223.44
111.48,122.09
111.73,83.04
112.33,188.67
113.99,67.51
114.06,48.46
114.32,237.92
114.56,183.53
114.68,134.05
114.69,170.34
114.92,124.47
114.94,63.01
116.08,191.74
116.12,209.06
116.53,99.59
116.62,206.11
116.79,239.74
116.86,89.17
117.04,58.38
117.05,174.69
117.10,231.38
117.28,203.32
117.62,69.01
117.70,228.40
117.71,247.56
117.74,154.47
117.77,50.51
118.38,151.69
118.39,215.01
118.45,128.42
118.66,71.69
118.78,104.77
118.95,31.61
119.70,184.96
120.08,232.84
120.24,120.70
120.26,29.33
120.76,139.34
120.90,96.01
120.90,160.83
121.16,244.25
121.22,155.10
122.19,212.24
122.30,209.19
122.54,21.67
122.86,152.82
123.29,63.37
123.79,137.60
124.35,207.06
124.36,157.65
124.73,59.54
125.06,3.69
126.39,150.03
127.49,111.94
127.83,69.96
127.96,184.28
128.15,194.41
128.31,97.93
129.01,17.00
129.02,228.29
129.16,94.01
130.72,36.11
130.79,176.90
130.83,70.49
131.05,107.89
131.30,181.79
131.59,161.07
131.86,235.23
132.97,37.73
133.02,208.88
133.23,192.53
133.44,215.36
134.71,237.77
134.85,88.39
135.17,187.75
135.44,59.42
135.66,79.57
135.74,165.60
136.19,250.46
137.17,155.19
137.32,6.84
137.86,14.82
138.03,83.84
138.31,198.87
138.41,174.47
138.41,253.65
140.38,147.08
140.44,15.80
140.61,67.47
141.05,252.16
141.09,188.55
141.39,30.13
141.43,111.64
141.47,108.33
141.49,221.11
141.80,136.56
141.86,205.30
142.10,102.43
142.39,224.14
142.60,9.56
142.88,185.63
142.96,45.13
144.04,73.63
144.11,117.55
144.17,127.75
144.34,31.82
144.34,177.89
144.44,17.34
145.23,169.83
145.37,89.81
145.62,223.01
145.77,132.82
146.18,28.78
146.82,177.60
147.09,242.99
147.67,55.39
147.76,238.14
147.79,161.19
147.85,250.74
147.95,230.14
148.15,47.40
148.24,212.10
148.46,15.77
149.14,74.78
149.80,26.11
149.91,226.87
150.09,95.22
150.26,11.85
150.37,198.13
150.49,81.67
150.82,68.36
150.86,201.28
150.90,114.96
151.32,250.05
151.49,165.22
152.05,33.96
152.10,213.77
152.61,93.22
152.87,25.85
153.75,137.32
153.89,82.17
154.43,22.85
154.49,32.59
154.54,147.38
154.96,196.00
155.27,19.99
155.29,77.80
155.31,86.42
155.61,239.96
155.78,35.92
156.50,3.90
156.57,129.83
156.61,142.82
156.68,11.90
156.72,94.36
157.09,98.82
157.16,167.20
157.56,27.65
157.62,170.93
157.81,183.81
157.99,84.27
158.20,211.31
158.42,145.22
158.44,88.77
159.01,162.47
159.97,150.09
160.06,137.49
160.18,68.17
160.55,33.55
160.74,226.75
160.81,83.87
161.11,130.00
161.36,23.13
161.40,134.98
161.62,55.34
162.02,170.77
162.36,64.21
162.56,48.44
163.02,236.83
163.53,224.46
163.70,57.76
164.08,0.68
164.16,175.53
164.33,239.36
164.34,147.14
164.70,93.74
164.97,21.14
165.05,253.58
165.42,150.52
165.48,198.47
165.68,177.88
165.76,105.35
165.95,111.03
166.79,224.87
167.11,208.81
167.24,190.83
167.43,182.83
167.47,147.31
168.01,173.39
168.16,15.89
168.18,68.21
168.23,188.91
168.52,228.60
168.52,251.92
168.76,197.95
169.41,115.68
169.81,181.08
170.44,200.39
170.57,96.87
170.64,239.13
170.74,38.69
170.74,151.94
170.85,51.44
171.23,118.27
171.39,206.60
171.52,89.56
171.62,8.65
171.71,86.35
171.75,124.76
171.76,242.34
172.12,110.29
173.46,150.51
173.55,103.51
173.65,201.87
174.07,54.37
174.13,78.69
174.17,134.72
174.36,45.82
174.41,58.72
175.23,25.60
175.78,21.58
177.10,112.90
177.38,52.44
177.71,9.01
177.71,146.51
177.99,20.38
178.01,229.05
178.67,5.64
178.67,218.82
179.98,193.49
180.03,151.00
180.07,10.57
180.20,31.87
180.40,73.72
180.72,209.44
181.08,253.57
181.44,20.90
181.68,101.47
182.06,128.38
182.97,94.63
183.20,139.44
183.74,44.31
183.83,198.91
183.83,220.78
183.86,47.75
183.92,125.15
184.25,166.49
184.44,202.46
184.53,224.68
184.67,184.47
185.84,227.38
185.85,163.91
186.07,106.90
186.61,76.86
186.66,186.86
187.30,81.64
187.46,234.69
187.84,138.53
187.86,37.45
188.00,9.56
188.07,50.01
188.16,44.65
188.23,31.55
188.60,147.36
188.86,167.26
189.18,203.98
190.83,250.75
190.92,137.37
190.95,28.74
190.96,32.93
190.97,224.39
191.21,154.10
191.43,228.70
191.95,166.33
192.01,25.00
192.08,151.31
192.53,131.64
192.74,35.53
192.96,115.27
193.74,119.88
193.79,250.87
193.97,206.87
194.28,0.77
194.69,82.89
194.73,90.89
194.93,63.13
195.03,142.60
195.40,27.99
195.74,163.18
196.04,203.94
196.52,251.64
196.57,150.49
196.76,243.01
197.17,97.53
198.18,37.76
198.67,193.35
198.75,179.94
199.19,43.21
199.21,40.25
199.61,235.52
200.19,115.83
200.39,89.97
200.44,139.50
200.63,255.02
200.85,251.21
200.99,195.18
201.19,205.11
201.34,246.51
201.53,55.45
201.61,224.29
202.00,202.75
203.35,235.74
203.56,182.13
203.80,57.76
204.17,195.05
204.32,253.68
204.46,250.72
204.56,14.76
204.60,2.78
204.73,243.69
204.83,240.95
205.03,52.28
205.09,225.72
205.41,62.45
205.58,91.49
206.15,7.43
206.30,151.42
207.07,44.49
207.30,161.37
207.37,196.82
207.51,64.41
207.52,103.42
207.74,248.40
207.77,153.85
208.24,115.94
208.31,87.85
208.34,210.61
208.41,130.20
208.42,175.78
209.02,188.96
209.10,82.10
209.10,101.54
210.49,181.91
210.51,197.70
210.67,5.96
211.19,151.17
211.34,220.73
211.53,65.20
211.65,217.90
211.90,165.38
212.11,174.59
214.29,150.99
214.41,168.39
214.52,131.04
214.87,160.48
215.19,210.72
215.27,224.96
215.33,101.89
215.36,180.72
215.45,125.12
215.90,6.76
215.93,55.92
216.40,145.10
216.94,173.12
217.10,168.17
217.16,108.93
217.44,164.93
217.60,111.22
217.60,194.02
217.66,65.34
217.73,209.76
217.86,131.55
217.88,105.27
218.10,13.98
218.44,61.13
218.52,81.81
218.59,4.93
218.59,134.68
218.64,169.96
219.12,113.78
219.13,119.07
219.18,228.78
219.92,249.99
220.59,51.24
220.74,131.22
220.86,146.59
220.90,110.76
221.13,62.00
221.16,230.37
221.45,18.85
221.53,234.59
222.05,43.37
222.12,141.11
222.20,104.38
222.35,80.10
223.74,72.24
223.77,4.77
223.84,82.10
223.94,54.04
224.10,253.25
224.14,77.07
224.32,165.25
224.51,91.48
225.01,133.66
225.90,33.59
225.93,8.10
226.42,147.12
226.85,131.61
227.16,253.53
227.40,58.46
228.08,70.10
228.22,26.54
228.25,225.92
228.31,233.93
228.94,243.91
229.22,60.04
229.33,32.54
229.40,154.54
229.66,200.91
230.45,247.40
230.51,92.30
230.62,107.21
230.82,228.22
230.84,233.48
230.86,208.88
230.94,190.40
231.00,195.31
231.01,140.56
231.12,53.71
231.19,217.91
231.38,221.47
231.44,74.42
231.77,121.74
231.85,162.46
233.18,248.26
233.36,165.67
233.52,210.14
233.96,5.90
234.09,92.03
234.32,31.71
234.53,114.23
234.60,133.61
235.10,60.65
235.76,189.38
236.31,234.04
236.38,227.71
236.39,240.98
236.57,172.22
236.85,13.36
236.97,146.91
237.03,109.74
237.11,22.47
237.14,33.01
237.53,5.59
237.69,244.07
237.73,48.22
237.76,198.59
237.82,177.99
237.98,163.26
237.99,237.06
238.04,89.59
238.05,28.89
238.32,231.01
238.55,138.74
238.70,59.96
238.91,92.34
239.13,135.58
239.18,62.68
239.26,186.47
239.57,169.85
240.17,199.73
240.49,43.94
240.66,97.99
241.04,166.35
241.29,126.84
241.40,251.16
241.92,13.17
241.97,47.09
241.98,21.17
243.19,110.32
243.29,162.73
243.42,121.83
243.49,238.98
243.53,209.88
243.55,98.86
243.85,37.27
243.95,71.59
244.62,194.47
244.67,251.46
244.73,255.23
244.85,234.12
245.42,20.24
245.80,206.22
246.25,155.24
246.88,101.47
247.20,98.23
247.40,232.00
247.84,203.14
247.85,75.30
247.87,161.36
248.07,193.42
248.21,174.39
248.96,89.24
249.24,182.96
249.36,24.81
249.64,156.12
249.76,45.22
249.83,133.54
250.04,214.54
250.37,140.55
250.82,250.09
251.14,48.54
251.19,110.33
251.50,229.68
251.63,204.35
251.80,177.90
252.97,242.46
253.33,200.14
253.45,9.41
253.91,225.30
254.16,217.30
254.43,234.13
254.65,109.10
255.42,11.50
Path: m0,0 h0
Style: stroke-linecap="round" stroke-width="1.2" stroke="#cbc9c6"
0.01,192.81
0.71,207.38
0.79,106.44
0.83,148.09
1.04,81.41
1.05,7.96
1.17,179.60
1.43,31.32
1.69,62.42
1.70,19.10
1.86,232.26
2.14,57.83
2.70,158.63
2.97,194.46
3.53,189.58
3.76,26.83
4.23,61.62
4.72,181.33
5.08,115.90
5.11,253.35
5.23,84.61
5.28,88.16
5.47,11.00
5.59,121.71
5.85,107.88
5.95,29.32
6.03,164.68
6.50,229.95
6.90,247.77
6.97,47.07
7.19,185.05
7.26,214.33
7.75,200.97
7.85,117.96
7.85,254.01
8.00,44.07
8.37,114.99
8.69,246.15
8.90,120.79
9.65,236.93
9.70,250.75
9.80,166.06
9.92,81.33
10.16,112.35
10.42,38.20
10.43,221.67
10.82,49.39
10.86,77.54
11.06,141.81
11.33,158.21
11.51,130.91
11.62,214.65
11.87,46.07
11.89,114.03
11.94,34.78
12.13,219.18
12.59,251.85
12.60,122.00
13.00,89.74
13.47,194.29
13.51,59.26
13.61,233.60
13.71,81.80
13.94,180.75
13.99,174.60
14.14,101.38
14.27,119.42
14.57,115.39
14.72,5.83
15.20,158.47
15.46,168.66
15.58,111.53
15.85,220.70
16.04,91.13
16.32,135.78
16.96,213.33
17.44,116.23
17.71,104.52
17.85,157.49
18.27,102.24
18.40,227.19
18.59,223.65
19.04,237.22
19.18,215.56
19.44,29.89
19.49,130.98
19.57,67.23
20.06,39.49
20.89,197.28
21.28,14.49
21.39,245.75
21.73,172.59
21.86,251.17
21.87,237.76
22.02,102.74
22.03,144.37
22.36,220.67
22.75,230.48
23.16,132.37
24.17,94.12
24.29,169.00
24.62,107.68
24.73,120.23
24.92,71.41
25.18,175.37
25.45,98.73
25.53,18.04
25.57,21.75
25.79,151.42
27.17,184.10
27.78,93.47
27.84,40.90
27.93,192.14
28.01,220.49
28.36,187.05
28.62,73.75
28.73,245.72
29.07,55.96
29.78,194.92
30.30,95.62
30.43,113.95
30.58,26.52
30.71,141.06
30.98,89.13
30.99,31.77
31.34,68.63
31.62,185.03
32.09,138.22
32.11,42.52
32.19,151.64
32.24,209.67
32.55,216.50
32.60,86.93
32.70,119.59
33.04,202.64
33.19,221.16
34.22,106.90
34.24,35.76
34.27,68.09
34.42,11.58
34.51,137.62
34.60,243.54
34.95,58.22
34.96,130.34
35.07,237.37
35.77,119.89
35.98,164.78
36.07,140.78
36.56,204.19
36.68,55.52
37.22,238.35
37.30,224.96
37.70,174.12
37.71,193.81
37.76,84.88
38.20,123.02
39.11,221.08
40.48,217.56
40.58,86.20
40.58,214.47
40.70,1.41
40.72,80.33
40.83,92.27
40.86,74.30
41.35,222.44
41.39,15.51
41.41,122.46
41.41,133.56
41.54,174.33
41.75,57.16
41.80,5.12
41.87,41.36
41.87,54.20
42.30,71.82
42.39,12.38
42.41,180.58
42.50,105.62
43.01,51.53
43.04,151.61
43.20,81.94
43.37,197.57
43.80,207.58
43.86,84.87
43.91,187.49
44.01,91.46
44.19,142.81
44.26,40.74
44.38,217.93
44.45,234.93
44.91,156.13
44.92,79.47
45.28,123.52
45.59,75.89
45.60,68.72
45.72,107.74
45.87,2.11
45.99,34.50
46.05,15.11
46.64,244.03
47.80,91.73
48.09,99.91
48.11,24.81
48.17,196.73
48.22,178.23
48.40,30.57
48.61,81.67
48.68,200.78
49.02,122.50
49.16,140.67
49.86,41.68
50.62,8.54
50.89,12.31
50.90,210.35
51.12,217.51
51.34,38.64
51.42,94.49
51.61,0.60
52.09,83.80
52.33,126.91
52.49,16.39
53.19,254.88
53.88,86.78
53.95,240.58
54.12,189.41
54.22,169.87
54.32,152.09
54.36,107.74
55.49,75.06
56.68,71.03
56.86,120.94
57.11,163.91
57.36,226.32
57.42,240.12
57.56,195.01
57.63,171.90
58.23,5.09
58.55,178.47
58.66,166.63
59.50,119.55
59.81,29.62
60.30,126.20
60.74,54.39
60.95,174.45
61.04,230.94
61.26,43.74
62.12,154.81
62.48,31.93
62.70,234.11
63.28,3.64
63.34,179.95
63.66,61.32
63.85,47.02
64.45,208.46
64.58,71.54
64.84,205.53
65.02,153.61
65.06,11.43
65.66,105.34
65.89,131.38
66.39,231.97
66.64,166.70
66.95,117.82
67.05,90.70
67.27,78.71
67.30,209.68
67.38,57.80
67.40,144.57
67.85,150.44
67.99,102.07
68.00,1.44
68.17,137.06
68.55,223.94
68.80,157.50
68.97,108.44
69.04,165.50
69.30,147.86
69.48,113.68
69.80,98.20
69.91,37.44
70.63,209.85
70.66,228.69
70.83,141.97
70.91,78.51
71.24,124.35
72.40,213.64
72.40,241.03
73.60,107.81
74.05,18.05
74.22,230.32
74.73,8.22
74.81,122.19
75.17,28.76
75.50,192.62
75.97,219.47
75.98,165.24
76.29,32.81
76.47,64.62
76.82,106.92
77.06,53.98
77.21,186.93
77.47,12.51
77.72,61.95
77.83,148.78
78.31,20.36
78.40,249.55
78.56,48.75
79.29,98.25
79.59,166.05
79.73,131.95
79.83,118.20
80.45,38.18
80.58,241.95
80.79,93.89
81.24,236.90
81.29,220.62
81.34,141.07
82.76,121.26
83.07,131.68
83.44,138.32
84.45,49.03
84.63,175.62
84.71,178.74
84.80,92.44
85.79,23.62
86.69,111.56
86.93,118.42
86.98,12.73
87.20,162.53
87.33,246.26
87.43,238.26
88.23,223.06
89.21,126.02
90.19,224.86
90.32,249.74
90.47,234.95
90.60,28.19
90.61,152.07
90.90,135.32
91.27,87.68
91.30,148.89
91.66,48.71
91.98,181.56
92.44,92.39
92.57,207.66
92.71,106.29
92.74,189.09
93.57,95.24
94.25,197.16
94.71,25.96
94.81,117.00
94.84,68.39
94.86,164.82
95.06,237.22
95.16,170.81
95.89,28.93
96.74,63.48
97.23,130.85
97.48,1.44
97.94,144.47
98.23,217.80
98.36,135.59
98.46,235.16
98.50,93.72
98.85,141.67
99.41,51.45
99.54,168.82
100.03,3.59
100.03,210.55
100.08,33.05
100.28,254.70
100.96,145.38
101.10,106.45
101.24,11.50
101.75,172.50
101.79,135.21
102.05,157.86
102.13,2.33
102.17,114.37
103.85,124.74
103.93,145.13
104.12,85.50
104.19,233.95
104.25,223.08
104.31,21.90
104.35,219.89
104.78,183.21
104.88,128.01
105.07,147.72
105.13,113.35
105.16,117.24
105.22,235.93
105.30,32.10
105.35,198.13
105.37,231.01
105.63,188.51
105.63,245.99
106.09,249.20
106.48,160.66
106.75,8.86
106.86,224.43
107.36,111.42
107.40,5.43
107.50,126.34
107.71,166.26
108.06,221.74
109.23,151.13
109.87,4.00
110.37,214.62
110.64,46.87
111.03,174.58
111.33,226.82
111.44,230.62
111.92,95.29
112.01,75.15
112.12,157.01
112.28,24.95
112.38,150.98
112.41,10.63
112.88,172.19
113.21,191.07
113.32,186.34
113.38,0.12
113.57,253.22
113.95,231.48
114.05,70.96
114.25,158.79
114.29,59.51
114.35,202.95
114.51,74.51
114.57,102.84
115.27,223.60
117.13,141.67
117.39,77.39
117.43,158.70
117.44,114.35
117.78,117.14
117.79,11.83
117.84,211.72
117.99,34.28
118.25,55.73
118.31,86.35
118.56,225.12
119.24,92.06
119.39,239.05
119.43,196.09
120.12,36.14
120.29,54.21
120.42,76.40
120.65,173.40
120.92,88.00
120.97,117.60
121.01,191.33
121.23,134.96
121.48,106.67
121.57,64.97
121.71,240.99
121.80,73.23
121.97,57.31
122.05,100.68
122.07,181.09
123.05,217.16
124.30,133.20
124.44,17.18
124.53,99.21
124.55,91.35
124.65,117.82
125.12,201.72
125.60,23.49
125.61,210.47
127.56,250.41
128.17,144.78
128.24,48.32
128.42,245.34
128.53,2.36
128.59,114.61
128.61,174.26
128.67,105.96
128.72,28.37
129.20,180.59
129.75,225.53
130.68,141.65
130.78,32.58
130.86,48.80
130.93,74.25
131.09,158.62
131.23,52.62
131.53,185.66
131.58,105.07
131.79,166.59
132.41,78.08
132.57,87.01
133.91,63.11
134.09,203.40
134.38,153.35
134.38,230.72
134.49,8.73
134.86,173.72
134.88,247.19
135.05,71.60
136.07,135.74
136.10,117.61
136.20,131.90
136.28,150.63
136.38,211.06
137.07,230.12
137.09,61.44
137.09,129.24
137.22,35.46
137.47,91.07
137.62,95.75
137.62,195.96
137.77,87.29
138.28,108.23
138.42,98.31
138.53,114.30
138.54,137.21
138.65,72.16
138.73,69.22
139.52,37.90
140.08,228.99
140.13,172.37
140.96,226.23
141.21,196.59
141.32,76.56
141.41,12.23
141.51,92.45
141.88,81.33
142.21,23.56
142.32,244.26
143.31,180.70
143.47,154.46
143.60,3.73
143.97,125.15
144.04,112.68
144.17,149.31
144.20,58.86
144.45,26.86
145.03,37.22
145.06,81.66
145.45,54.14
145.75,42.92
145.79,164.74
146.17,0.17
146.43,137.73
146.61,226.46
146.79,185.50
147.32,85.93
147.33,112.52
147.59,24.51
147.84,174.10
148.05,152.03
148.37,148.12
148.68,164.28
148.79,124.04
149.11,20.76
149.35,223.93
150.00,140.78
150.23,97.69
150.24,171.22
150.45,144.63
151.02,162.07
151.09,51.89
151.15,254.79
151.59,127.58
151.71,159.15
151.74,79.26
151.75,40.21
151.77,14.76
152.51,100.79
152.78,180.39
153.14,129.34
153.68,243.84
153.95,7.33
154.06,42.02
154.49,14.85
154.73,151.74
155.06,1.51
155.18,117.11
156.07,248.31
156.26,17.14
156.32,243.64
157.19,49.33
157.36,61.51
157.76,200.53
157.90,227.27
158.07,79.12
158.10,203.31
158.33,71.12
158.99,152.84
159.19,237.88
159.82,39.93
160.08,118.02
160.31,87.02
160.61,4.93
160.63,220.54
160.72,234.75
161.55,143.51
161.63,245.23
162.16,98.21
162.23,115.93
162.62,51.80
163.41,228.36
163.80,34.71
164.02,133.67
164.07,130.77
164.11,140.03
164.33,5.55
164.38,11.98
164.62,221.09
164.76,193.00
164.77,74.74
164.90,216.57
164.96,113.84
164.99,29.99
165.18,180.69
165.28,121.96
165.30,9.54
165.33,157.83
165.82,32.38
166.00,244.25
166.70,154.41
166.97,162.41
167.16,239.51
167.60,4.66
167.68,41.43
167.78,60.42
167.83,202.88
168.05,231.56
168.39,121.04
168.71,144.08
169.63,113.13
169.68,247.06
170.13,221.78
171.53,203.71
171.53,224.36
171.75,214.33
172.12,196.10
172.28,175.56
172.43,191.00
172.73,23.10
172.76,250.53
172.86,167.29
172.88,28.62
173.09,236.59
173.34,244.59
173.95,158.50
174.10,239.99
174.16,178.51
174.20,221.95
174.23,254.99
174.65,161.17
174.95,8.91
174.95,207.00
175.23,140.15
175.29,71.41
175.43,168.52
175.60,107.20
175.91,124.75
176.07,82.98
176.16,86.13
176.22,74.98
176.33,66.82
176.77,116.80
176.85,44.46
176.97,177.65
177.06,58.42
177.72,13.82
177.82,25.02
177.82,135.51
177.91,139.62
178.01,77.31
178.19,189.89
178.32,98.82
178.49,114.92
178.80,124.61
178.86,200.22
179.15,69.39
180.17,53.78
180.36,117.98
180.37,40.55
180.37,93.58
180.53,141.84
180.76,157.44
181.20,204.38
181.64,190.73
181.66,170.97
181.73,217.34
181.74,163.61
181.74,242.36
181.86,159.69
181.88,224.18
182.15,136.14
182.18,66.88
182.31,0.65
182.39,52.28
183.23,13.14
184.04,188.23
184.50,238.06
184.71,115.82
185.03,143.28
185.24,157.41
185.34,181.02
186.32,98.91
186.65,219.42
186.74,68.83
187.24,255.08
187.39,121.01
187.42,29.23
187.46,151.50
187.63,144.67
187.65,26.01
187.94,18.11
188.13,133.51
188.22,215.26
188.36,96.46
188.66,78.11
188.69,105.30
188.70,57.98
189.82,125.86
190.45,149.15
190.45,247.70
191.36,162.61
191.41,98.17
191.51,211.63
191.54,53.82
191.59,197.06
191.61,158.34
191.63,182.42
191.92,2.67
192.11,145.29
193.10,94.66
193.35,218.07
193.47,110.12
193.48,147.42
193.83,31.05
193.90,18.42
194.08,202.01
194.31,99.22
194.37,183.13
195.34,152.91
195.34,239.97
195.48,113.65
195.94,109.06
196.49,116.96
197.00,88.42
197.06,190.96
197.37,54.59
197.41,62.58
197.45,132.10
197.70,11.39
197.92,5.62
197.99,137.49
198.00,58.54
198.41,221.44
198.42,216.94
198.54,171.88
198.80,226.02
199.39,240.87
199.59,65.85
199.81,120.38
199.83,102.07
200.38,60.83
200.45,48.97
200.66,143.68
200.73,15.49
200.80,77.74
200.87,27.25
200.89,52.81
200.99,164.32
201.08,188.02
201.43,176.34
201.54,108.43
201.58,227.94
202.81,155.50
202.86,126.22
202.89,200.15
203.21,5.61
203.35,28.89
203.48,120.53
203.74,79.93
203.77,49.77
203.82,116.09
203.97,144.91
204.03,173.92
204.10,41.88
204.23,100.90
204.39,85.15
204.39,128.48
204.44,168.84
204.82,171.36
204.91,21.04
205.10,105.43
205.19,198.19
205.27,17.40
205.93,228.28
206.13,95.54
206.35,231.47
206.53,178.09
206.66,245.71
207.38,181.18
207.42,41.41
207.47,236.18
207.76,213.68
208.11,22.32
208.41,93.56
208.46,121.24
208.67,25.46
208.83,14.30
209.20,205.20
209.95,243.78
210.14,84.70
210.37,90.47
210.49,61.78
210.51,157.69
210.68,168.14
210.96,127.50
211.00,26.54
211.02,95.16
211.12,41.60
211.12,235.87
211.14,114.19
211.25,189.82
211.40,78.15
211.54,145.40
211.80,138.56
212.12,108.94
212.28,33.07
213.34,104.46
213.73,75.40
213.81,97.93
214.07,234.95
214.37,199.57
214.39,204.71
214.71,196.71
214.92,72.23
215.30,148.47
215.62,249.76
215.66,232.84
216.14,218.66
216.53,191.79
217.12,94.76
217.19,128.62
217.36,58.59
217.50,52.10
217.76,156.08
218.05,183.94
218.24,180.09
218.42,147.30
218.42,197.12
218.63,199.51
218.70,247.35
218.72,254.31
219.36,219.75
219.41,78.97
220.25,225.68
220.54,191.54
220.69,46.79
221.03,69.98
221.23,208.40
221.24,90.64
221.32,253.16
221.40,154.66
221.47,135.00
222.07,144.30
222.38,169.57
222.51,181.20
223.31,12.76
223.67,210.57
223.92,218.57
223.96,111.64
224.09,136.57
224.22,24.44
224.50,97.84
224.56,40.39
225.02,198.17
225.17,61.79
226.45,50.57
226.67,116.42
226.90,230.87
227.14,218.00
227.38,29.73
227.58,118.89
227.63,135.68
227.78,181.19
228.21,85.61
228.44,168.19
230.48,206.37
230.51,160.43
230.66,38.82
231.28,10.98
231.44,56.82
231.63,184.08
233.09,40.88
233.59,254.63
233.70,84.91
234.12,15.03
234.55,223.23
234.94,81.28
235.22,206.47
235.45,68.44
236.23,106.37
236.49,165.84
236.93,56.18
237.24,131.62
237.53,70.64
237.73,143.85
237.96,115.35
239.57,159.64
240.24,206.28
240.54,17.48
241.14,234.54
241.49,140.30
241.69,84.83
241.71,178.35
241.95,220.81
241.99,186.34
242.02,26.67
242.41,76.97
242.71,207.31
243.71,128.38
244.20,178.65
244.28,123.95
244.31,32.43
244.32,241.95
244.41,170.65
244.61,108.01
244.73,2.09
244.82,134.17
244.91,85.61
245.28,48.34
245.31,118.39
245.44,200.82
245.87,166.32
246.29,27.91
246.70,60.25
246.78,210.90
247.15,180.23
247.40,171.21
247.47,129.23
247.87,145.12
248.15,107.35
248.23,78.34
248.26,167.86
248.34,47.83
248.34,55.45
248.37,198.65
249.08,235.47
249.49,152.81
249.75,93.80
249.79,187.78
249.86,63.92
250.35,10.68
250.63,240.99
250.88,58.02
251.12,224.05
251.15,41.32
251.38,53.55
251.41,168.34
251.41,175.21
251.58,254.10
252.35,6.45
252.38,17.40
252.55,193.48
252.61,213.21
252.74,133.06
252.84,96.14
253.16,209.36
253.66,38.24
254.56,89.02
254.80,220.97
255.10,19.50
255.26,4.75
255.38,170.73
255.55,159.13
255.66,182.35
Path: m.3,-.4 l.1,.4
Style: stroke-linecap="round" stroke-width=".8" stroke="#cbc9c6"
0.22,190.33
0.30,54.66
0.39,174.61
0.44,93.21
0.76,35.40
1.38,118.89
1.55,41.23
1.79,3.27
2.03,45.40
2.12,253.32
2.18,101.02
2.43,220.70
2.45,183.63
2.61,240.95
2.90,76.83
2.94,124.28
3.10,0.84
4.00,95.52
4.12,15.46
4.18,231.40
4.49,42.97
4.60,186.26
4.70,221.91
4.97,136.99
5.48,92.61
5.67,250.25
6.58,177.62
7.28,189.50
7.48,157.87
7.67,195.10
7.88,219.98
7.97,124.35
8.00,144.38
8.09,90.30
8.18,77.87
8.41,18.50
8.62,2.00
8.87,154.63
9.51,162.83
9.54,41.64
10.04,205.59
10.16,14.21
10.20,3.57
10.51,9.77
11.46,196.33
11.54,31.12
11.70,178.22
11.81,170.22
12.06,227.75
12.93,238.46
13.51,38.24
14.10,79.17
14.52,67.24
14.76,223.15
14.76,230.67
14.89,247.42
14.93,241.15
14.98,196.74
15.00,99.06
15.11,171.98
15.34,127.45
15.70,226.71
16.08,32.55
16.19,37.20
16.99,68.39
17.19,54.53
17.23,3.64
17.26,239.78
17.66,251.65
17.69,218.31
17.75,40.64
17.89,189.85
18.59,122.31
18.76,50.34
18.88,184.06
18.90,243.75
18.91,193.00
20.19,110.53
20.59,188.97
20.75,211.52
21.02,105.41
21.46,193.90
21.63,22.19
21.71,81.76
22.10,97.39
22.10,154.73
22.78,248.71
22.79,63.70
22.80,51.01
22.85,54.35
23.53,29.63
24.16,80.19
24.17,77.07
24.31,227.28
24.35,14.94
24.57,195.03
24.82,85.04
24.87,158.92
24.91,117.42
25.18,234.93
25.23,103.23
25.26,204.37
25.53,145.31
25.80,50.71
26.10,90.75
26.16,112.36
26.40,225.39
26.49,63.42
26.95,166.18
27.26,7.48
27.38,60.94
27.38,237.83
27.41,68.84
27.70,109.82
28.63,137.81
28.72,210.85
28.81,223.58
28.84,155.29
29.37,59.00
29.47,133.64
29.54,91.50
29.70,181.97
30.44,11.73
30.94,191.10
31.47,145.60
31.48,16.46
31.94,34.40
32.06,54.45
32.26,13.73
32.47,171.97
32.83,91.93
32.89,231.63
33.20,235.66
33.56,24.19
33.92,198.45
34.36,64.87
34.36,225.16
34.53,181.47
35.15,38.60
35.30,217.21
35.47,251.36
35.89,175.77
35.99,221.16
37.45,190.51
37.62,68.23
37.73,228.96
37.95,97.96
37.97,184.56
38.05,15.07
38.06,78.60
38.13,151.70
38.31,120.35
38.41,12.37
38.54,37.49
38.59,142.41
38.85,235.62
38.99,58.42
39.27,167.59
39.46,205.29
40.61,193.73
40.97,145.16
41.27,48.97
41.42,225.37
41.50,98.39
41.67,19.44
42.24,77.04
42.62,0.09
42.62,230.33
43.09,168.45
43.75,111.27
43.83,88.08
44.78,246.89
44.85,47.80
44.87,58.85
45.13,131.52
45.19,255.10
45.45,190.65
45.54,95.71
46.05,167.36
46.35,135.11
46.97,27.71
47.29,204.55
47.46,143.18
47.51,38.57
48.01,240.30
48.40,35.58
48.45,166.83
48.50,94.56
48.59,253.14
48.68,0.77
48.79,170.95
48.86,17.81
48.91,145.60
49.10,162.95
49.35,244.98
50.15,114.55
50.92,73.29
51.19,175.30
51.27,88.10
51.33,34.42
51.55,81.23
52.17,181.15
52.49,61.26
52.50,98.79
52.80,46.90
53.19,216.19
53.29,148.72
53.57,208.19
54.08,121.16
55.09,244.62
55.61,177.76
55.62,230.38
55.83,81.84
55.95,48.26
57.39,96.02
57.51,150.64
57.61,107.43
57.61,208.94
57.67,139.14
57.78,191.89
58.15,8.94
58.29,230.53
58.73,182.13
60.01,101.56
60.04,19.84
60.26,162.59
60.45,15.59
60.52,68.68
60.64,244.98
60.73,160.29
60.77,207.76
60.79,1.39
61.12,187.64
61.16,122.77
61.19,254.59
61.40,215.72
61.51,114.43
61.52,177.79
61.53,168.25
61.86,87.29
61.91,37.34
62.02,11.54
62.21,157.32
62.27,165.33
62.64,222.11
63.81,116.96
63.92,64.01
64.35,128.81
64.37,92.12
64.47,241.92
64.68,187.84
65.16,224.08
65.22,68.69
65.25,1.48
65.33,114.06
65.92,158.21
66.13,100.15
67.50,85.84
68.16,191.19
68.30,139.92
68.68,206.60
68.82,55.16
68.84,104.29
68.99,236.52
69.21,70.69
70.31,159.60
71.15,105.85
71.21,185.19
71.21,204.65
71.46,216.48
71.75,100.93
71.79,32.40
72.04,54.72
72.11,74.70
72.12,254.18
72.20,90.57
72.20,6.17
72.20,70.63
73.60,110.61
73.64,42.45
73.81,195.37
74.12,200.71
74.16,224.32
74.66,67.11
74.94,95.02
76.39,162.69
76.81,237.01
76.88,41.10
77.00,171.22
77.24,88.09
77.55,100.87
77.62,129.40
77.64,58.05
77.72,137.62
77.81,168.40
78.00,6.91
78.29,207.54
78.32,17.51
78.32,200.98
78.58,194.06
78.92,109.66
79.10,125.84
79.17,75.00
79.20,218.45
79.38,43.11
79.48,79.40
80.37,210.54
80.43,177.69
80.62,88.14
80.67,183.09
80.70,247.06
81.06,226.82
81.09,73.68
81.33,197.95
81.41,82.16
81.47,255.79
81.56,128.86
81.87,168.50
82.02,187.75
82.05,104.83
82.52,217.46
82.57,90.29
83.16,125.47
83.37,243.28
83.59,72.43
83.61,111.14
84.28,66.39
84.28,234.14
84.36,153.86
84.73,39.58
84.74,254.25
84.81,237.06
84.90,187.52
84.90,224.66
84.94,216.67
85.19,221.24
85.25,198.48
85.63,97.68
86.07,243.28
86.14,6.24
86.40,150.12
86.88,103.83
86.91,207.81
86.93,71.37
87.30,9.14
87.34,250.39
87.74,213.65
87.85,217.22
88.42,254.18
88.51,137.54
88.59,241.92
88.67,183.31
89.37,177.33
89.39,13.55
89.43,22.19
90.13,156.91
90.16,104.43
90.40,68.05
90.55,246.81
90.60,19.39
90.90,140.79
91.04,1.76
91.19,84.49
91.33,254.76
92.12,124.51
92.24,143.36
92.29,37.73
92.87,33.09
93.99,242.15
94.07,183.77
94.35,234.25
94.57,124.04
94.62,253.70
94.65,85.24
94.68,191.75
94.81,231.39
94.84,249.41
95.34,162.16
95.53,167.49
95.57,11.86
95.65,127.76
96.28,47.29
97.35,13.97
97.41,115.46
97.55,107.46
97.66,124.47
97.69,253.03
97.74,39.45
98.03,80.62
98.06,74.40
98.21,35.81
98.61,152.44
99.03,225.89
99.12,203.14
99.80,240.33
100.34,62.33
101.20,40.98
101.33,37.49
101.36,17.37
101.37,21.53
101.74,204.57
101.87,29.51
101.91,226.28
101.96,44.79
102.01,246.89
102.31,87.51
102.39,83.34
102.92,196.10
102.95,153.91
103.02,169.50
103.21,250.43
103.70,27.15
103.73,243.79
103.86,110.10
104.17,93.31
104.68,12.80
104.79,176.76
105.17,173.47
105.79,24.03
105.81,77.69
106.61,27.81
107.29,213.91
107.68,59.08
107.82,31.03
107.94,42.84
107.98,136.63
108.67,25.31
108.70,247.22
108.77,218.94
110.02,115.20
110.09,161.76
110.62,143.17
110.79,42.90
110.83,37.87
110.83,167.81
111.39,99.06
111.45,195.49
111.60,32.92
111.82,198.95
111.85,91.07
112.33,15.13
112.44,2.63
112.98,35.21
113.76,114.14
113.94,247.69
114.14,131.27
114.28,37.95
114.55,108.65
114.61,91.12
114.68,244.81
115.23,212.96
115.44,13.93
115.60,251.28
115.74,53.04
115.84,119.57
115.88,220.43
115.90,105.79
116.46,122.29
116.51,198.11
116.72,180.21
117.07,3.40
117.41,148.07
117.52,0.71
117.57,95.26
117.60,23.72
117.79,27.69
117.97,162.47
118.75,101.84
119.15,176.98
119.74,180.90
119.85,208.59
120.16,81.35
120.56,147.32
121.02,188.25
121.47,128.60
121.67,124.13
121.67,249.65
121.78,224.89
121.83,69.09
122.04,90.64
122.07,142.05
122.60,27.45
123.08,44.05
123.19,25.08
123.48,125.74
124.27,174.30
124.48,204.61
124.50,198.53
125.21,165.88
125.25,253.46
125.27,14.68
125.30,194.98
125.43,83.40
125.76,182.07
125.87,237.78
126.40,34.49
126.51,224.19
126.59,125.55
126.81,20.60
127.06,67.20
127.08,160.38
127.41,187.05
127.65,51.36
127.78,156.73
127.87,84.44
127.89,171.65
128.10,80.41
128.32,191.50
128.43,239.28
130.21,210.39
130.41,214.01
130.72,129.15
130.82,231.65
130.84,152.32
131.10,11.86
131.41,194.82
131.60,111.02
131.63,146.80
131.89,55.37
131.98,243.65
132.24,173.62
132.80,131.67
133.35,20.01
133.42,212.20
133.52,91.98
133.65,128.12
134.15,147.91
134.31,168.59
134.39,34.00
134.44,67.82
134.64,234.24
134.70,162.80
134.77,112.39
134.79,108.67
134.90,159.22
135.08,220.50
135.32,38.45
135.41,200.23
135.77,2.80
136.20,244.83
137.76,202.43
138.13,111.57
138.46,248.35
138.86,178.49
139.13,133.94
139.30,117.45
139.78,236.62
140.34,88.18
140.49,34.22
140.83,200.66
140.92,217.65
141.25,73.46
142.28,240.26
142.37,56.57
142.46,236.05
142.77,70.35
143.79,78.28
143.81,40.00
144.48,66.15
144.84,107.36
145.34,183.18
145.72,159.68
146.13,109.80
146.20,13.31
146.28,144.64
146.37,95.66
146.87,171.75
147.05,115.05
147.20,201.90
147.33,78.66
147.41,71.58
147.44,142.24
148.67,61.46
149.26,29.21
149.45,190.19
150.25,137.80
150.46,236.52
150.58,87.27
150.65,183.87
151.00,151.11
151.46,154.08
151.68,135.45
152.09,118.14
152.23,85.19
152.56,185.96
152.80,210.36
153.11,141.30
153.26,230.92
153.72,54.48
154.06,174.93
154.08,121.29
154.24,97.11
154.31,199.22
154.43,182.92
154.60,204.92
154.63,51.45
154.80,27.98
155.02,101.52
155.03,105.94
155.04,114.65
155.49,236.12
155.60,89.94
156.60,82.00
157.04,254.08
157.14,74.86
158.15,251.32
158.18,154.64
158.18,234.41
158.21,230.44
158.24,246.18
158.37,108.77
158.68,13.78
158.78,57.06
158.89,114.72
159.09,51.71
159.40,96.71
160.00,188.68
160.06,242.66
160.64,204.11
160.65,250.50
160.86,141.00
161.25,100.96
161.39,207.65
161.41,42.34
161.52,173.47
161.69,254.00
161.81,180.84
161.99,81.23
162.19,200.54
162.63,218.03
162.66,60.98
162.71,103.71
163.51,88.72
163.70,161.83
163.93,14.88
164.24,127.50
164.40,85.90
164.51,71.92
164.91,137.04
165.08,98.43
165.10,48.14
165.42,172.70
165.51,247.34
165.74,200.93
165.98,101.75
166.55,234.75
167.56,97.35
167.57,83.19
167.61,37.30
167.80,64.63
167.86,194.15
167.90,165.35
168.04,7.89
168.29,170.30
168.54,33.85
169.07,129.01
169.92,91.90
169.93,30.61
170.51,71.55
170.54,47.83
170.55,53.77
170.83,63.56
170.84,186.72
171.11,1.93
171.71,43.63
171.72,19.68
171.75,35.63
172.23,40.96
172.27,32.92
173.14,114.53
173.52,188.16
173.61,5.86
174.19,98.66
174.36,117.97
174.56,101.21
174.95,111.19
175.36,11.68
176.55,30.08
176.69,154.01
176.76,197.73
177.01,93.60
178.17,38.32
178.28,215.07
178.52,65.75
178.86,42.87
178.94,28.50
179.14,128.45
179.47,120.81
179.48,179.09
179.61,1.50
179.86,244.58
179.99,132.11
180.33,213.16
180.39,154.51
180.50,239.61
180.63,236.62
180.81,77.20
180.86,167.40
181.17,112.17
181.24,64.42
181.61,186.79
181.64,182.67
181.83,61.60
182.53,35.66
182.95,8.76
183.45,19.31
183.99,84.53
184.01,24.74
184.20,246.81
184.24,250.98
184.61,91.09
184.67,169.89
184.78,131.61
184.96,244.20
184.98,241.26
185.13,74.32
185.18,191.39
185.34,94.94
185.38,52.14
185.45,128.08
185.58,39.08
185.77,64.90
185.81,135.96
186.29,47.61
186.30,21.31
187.15,141.25
187.28,85.92
187.54,196.15
187.57,2.24
187.73,6.53
188.00,34.77
188.07,88.47
188.19,212.31
188.36,158.39
188.60,244.27
189.40,188.63
190.11,93.75
190.19,84.23
190.27,232.12
190.31,74.15
190.94,15.27
191.72,185.97
192.49,140.37
192.73,214.22
193.87,243.77
194.50,39.70
194.81,22.03
195.19,247.96
195.28,58.51
195.32,102.33
195.94,170.53
196.85,0.79
197.19,120.58
197.29,211.84
197.46,23.97
197.46,183.23
197.72,187.87
197.74,14.69
198.05,134.63
198.13,112.64
198.16,75.69
198.21,201.32
198.31,245.61
198.51,175.92
198.54,8.28
198.73,109.72
199.16,155.04
199.70,73.02
200.25,123.90
200.59,68.83
200.95,13.03
201.12,149.77
201.13,58.08
201.19,158.39
201.89,134.84
202.46,104.13
202.86,220.89
203.10,46.75
203.69,210.91
205.21,134.05
205.36,204.90
205.37,25.16
205.48,67.89
205.76,11.75
206.28,36.52
206.51,218.40
207.03,47.03
207.34,110.28
207.42,123.79
207.68,233.47
207.97,168.19
208.16,4.71
208.48,208.15
209.17,55.29
209.92,18.58
210.14,253.97
210.47,178.18
210.67,226.36
210.80,44.57
211.14,47.37
211.14,119.51
211.32,148.04
211.32,200.81
211.34,184.14
211.37,1.48
211.57,130.88
212.48,16.08
213.33,58.92
213.40,91.31
213.47,135.10
213.90,127.11
214.08,9.00
214.09,143.72
214.18,28.21
214.53,247.18
214.94,50.98
214.96,88.98
215.09,80.76
215.32,12.23
216.43,207.20
216.85,84.09
217.38,100.93
217.46,176.68
217.65,27.58
217.81,97.74
217.83,236.66
218.05,123.85
218.30,188.09
218.77,43.95
220.18,121.92
220.23,8.87
220.28,33.39
220.37,172.37
220.63,166.03
220.65,238.85
220.75,194.75
220.76,101.88
220.87,66.83
220.88,21.49
221.53,174.83
221.70,74.79
222.54,59.01
222.66,158.87
222.79,162.53
222.98,0.61
223.29,117.80
223.42,9.50
223.50,94.36
223.86,32.42
223.95,178.53
223.97,188.86
223.99,204.78
224.02,191.40
224.54,105.84
224.65,101.90
225.16,207.68
225.39,152.30
225.77,37.65
226.05,12.37
226.45,24.67
226.74,45.79
226.97,80.57
227.17,228.49
227.29,210.05
227.43,101.33
227.71,17.24
227.78,124.41
228.62,108.84
228.83,88.35
228.85,13.50
229.48,255.34
229.83,215.67
229.95,134.56
230.09,82.14
230.23,71.87
230.29,223.66
230.79,166.75
230.88,1.85
230.88,35.67
231.26,24.32
231.55,251.58
231.56,61.45
231.84,157.02
232.76,231.01
233.08,151.47
233.84,53.62
233.85,142.70
233.86,201.46
234.14,102.61
234.14,145.42
234.21,97.07
234.22,64.32
234.45,183.69
234.65,57.87
234.96,238.64
235.41,8.48
235.42,37.76
235.42,194.62
235.54,217.62
235.92,73.48
235.93,112.04
236.06,211.73
236.61,168.65
236.62,119.58
236.67,155.32
236.95,41.31
237.19,78.46
237.40,123.63
237.42,64.78
237.91,75.96
237.93,9.91
238.08,194.42
238.12,203.99
238.17,96.78
238.49,83.94
238.52,38.12
238.87,118.06
238.96,141.47
239.97,108.09
240.08,132.43
240.61,162.28
240.67,175.54
240.74,231.48
240.98,144.09
241.04,88.07
241.08,50.22
241.17,247.61
241.52,3.17
241.80,113.99
242.20,136.18
243.20,192.32
243.64,204.02
243.68,82.20
243.89,53.51
244.54,44.93
244.95,67.88
244.96,147.27
245.30,56.34
246.59,131.61
246.94,236.95
247.40,239.99
247.71,65.36
247.72,110.10
247.82,115.34
247.93,122.37
248.07,18.35
248.08,52.10
248.24,250.25
248.68,244.54
249.21,83.08
250.18,117.56
250.23,172.15
250.29,102.38
250.46,201.20
250.95,99.52
251.02,217.69
251.06,61.54
251.35,221.11
251.41,129.56
251.41,144.42
251.59,190.54
251.63,137.17
251.89,90.62
252.00,82.62
252.45,51.12
252.87,103.98
253.47,77.74
253.50,93.29
253.69,250.78
253.77,165.03
254.04,35.39
254.06,146.80
254.11,244.80
254.30,70.57
254.72,167.92
254.96,178.36
255.22,24.98
255.74,201.79
255.79,144.00
255.97,162.47
