Size: 256
Workaround: -116,47 canvas
Path: m0,0 h7
Style: stroke="#4aa5fa" stroke-width=".8"
11,0.5
43,0.5
66,0.5
89,0.5
123,0.5
137,1.5
201,1.5
222,1.5
189,2.5
240,2.5
24,3.5
36,3.5
115,3.5
63,4.5
81,4.5
158,4.5
170,4.5
215,4.5
8,5.5
48,5.5
96,5.5
148,5.5
232,5.5
247,5.5
107,6.5
179,6.5
197,6.5
16,7.5
138,7.5
56,8.5
126,8.5
207,8.5
67,9.5
80,9.5
94,9.5
188,9.5
226,9.5
254,9.5
27,10.5
36,10.5
113,10.5
155,10.5
142,11.5
169,11.5
214,11.5
244,11.5
16,12.5
48,12.5
4,13.5
73,13.5
88,13.5
105,13.5
178,13.5
58,14.5
124,14.5
135,14.5
160,14.5
205,14.5
237,14.5
38,15.5
191,15.5
223,15.5
26,16.5
93,17.5
116,17.5
147,17.5
183,17.5
5,18.5
15,18.5
44,18.5
61,18.5
81,18.5
158,18.5
170,18.5
198,18.5
215,18.5
230,18.5
250,18.5
105,19.5
128,19.5
73,20.5
33,21.5
139,21.5
51,22.5
97,22.5
112,22.5
173,22.5
189,22.5
205,22.5
237,22.5
24,23.5
64,23.5
149,23.5
221,23.5
253,23.5
14,24.5
121,24.5
159,24.5
89,25.5
212,25.5
244,25.5
34,26.5
54,26.5
74,26.5
182,26.5
5,27.5
139,27.5
168,27.5
231,27.5
42,28.5
104,28.5
128,28.5
200,28.5
82,29.5
114,29.5
190,29.5
251,29.5
25,30.5
65,30.5
95,30.5
160,30.5
222,30.5
10,31.5
54,31.5
145,31.5
177,31.5
210,31.5
240,31.5
42,32.5
74,32.5
123,33.5
134,33.5
17,34.5
31,34.5
154,34.5
185,34.5
201,34.5
252,34.5
59,35.5
98,35.5
113,35.5
169,35.5
217,35.5
232,35.5
86,36.5
9,37.5
41,37.5
73,37.5
144,37.5
27,38.5
106,38.5
129,38.5
161,38.5
193,38.5
208,38.5
240,38.5
179,39.5
221,39.5
252,39.5
61,40.5
17,41.5
51,41.5
97,41.5
116,41.5
138,41.5
4,42.5
41,42.5
74,42.5
84,42.5
154,42.5
170,42.5
197,42.5
242,42.5
127,43.5
211,43.5
228,43.5
24,44.5
186,44.5
11,45.5
36,45.5
67,45.5
91,45.5
106,45.5
146,45.5
53,46.5
160,46.5
176,46.5
220,46.5
237,46.5
130,47.5
206,47.5
255,47.5
115,48.5
194,48.5
62,49.5
98,49.5
142,49.5
166,49.5
22,50.5
38,50.5
84,50.5
183,50.5
215,50.5
245,50.5
9,51.5
74,51.5
119,51.5
50,52.5
106,52.5
234,52.5
133,53.5
149,53.5
161,53.5
175,53.5
192,53.5
224,53.5
0,54.5
61,54.5
93,54.5
208,54.5
18,55.5
32,55.5
44,55.5
243,55.5
76,56.5
121,56.5
139,56.5
168,57.5
184,57.5
200,57.5
9,58.5
23,58.5
53,58.5
89,58.5
106,58.5
151,58.5
231,58.5
67,59.5
219,59.5
252,59.5
239,60.5
35,61.5
80,61.5
96,61.5
120,61.5
130,61.5
160,61.5
176,61.5
192,61.5
207,61.5
46,62.5
14,63.5
58,63.5
110,63.5
141,63.5
224,63.5
26,64.5
213,64.5
250,64.5
67,65.5
80,65.5
100,65.5
169,65.5
184,65.5
6,66.5
38,66.5
148,66.5
238,66.5
51,67.5
118,67.5
130,67.5
160,67.5
195,67.5
206,68.5
224,68.5
18,69.5
84,69.5
253,69.5
29,70.5
70,70.5
97,70.5
111,70.5
139,70.5
181,70.5
153,71.5
168,71.5
237,71.5
9,72.5
41,72.5
58,72.5
196,72.5
213,72.5
228,72.5
246,73.5
79,74.5
102,74.5
123,74.5
133,74.5
17,75.5
34,75.5
90,75.5
144,75.5
160,75.5
177,75.5
206,75.5
47,76.5
68,76.5
113,76.5
188,76.5
254,76.5
58,77.5
26,78.5
215,78.5
228,78.5
11,79.5
76,79.5
104,79.5
153,79.5
169,79.5
241,79.5
120,80.5
201,80.5
2,81.5
49,81.5
89,81.5
131,81.5
144,81.5
189,81.5
17,82.5
34,82.5
64,82.5
221,82.5
159,83.5
176,83.5
245,83.5
75,84.5
98,84.5
111,84.5
231,84.5
26,85.5
43,85.5
139,85.5
198,85.5
214,85.5
58,86.5
122,86.5
164,86.5
251,86.5
5,87.5
90,87.5
189,87.5
81,88.5
130,88.5
175,88.5
204,88.5
20,89.5
34,89.5
66,89.5
113,89.5
144,89.5
234,89.5
97,90.5
213,90.5
9,91.5
56,91.5
160,91.5
224,91.5
248,91.5
41,92.5
106,92.5
151,92.5
184,92.5
72,93.5
87,93.5
121,93.5
137,93.5
170,93.5
202,93.5
241,93.5
28,94.5
2,95.5
16,95.5
49,95.5
192,95.5
62,96.5
212,96.5
233,96.5
79,97.5
96,97.5
110,97.5
148,97.5
180,97.5
41,98.5
168,98.5
225,98.5
31,99.5
121,99.5
136,99.5
203,99.5
13,100.5
71,100.5
89,100.5
158,100.5
190,100.5
240,100.5
253,100.5
105,101.5
45,102.5
128,102.5
145,102.5
222,102.5
21,103.5
59,103.5
178,103.5
4,104.5
165,104.5
196,104.5
214,104.5
234,104.5
246,104.5
71,105.5
91,105.5
31,106.5
104,106.5
119,106.5
151,106.5
207,106.5
13,107.5
41,107.5
132,107.5
184,107.5
51,108.5
62,108.5
79,108.5
227,108.5
2,109.5
22,109.5
246,109.5
89,110.5
116,110.5
137,110.5
155,110.5
168,110.5
195,110.5
215,110.5
101,111.5
179,111.5
236,112.5
13,113.5
31,113.5
45,113.5
69,113.5
128,113.5
147,113.5
204,113.5
0,114.5
81,114.5
159,114.5
188,114.5
219,114.5
105,115.5
175,115.5
21,116.5
53,116.5
120,116.5
138,116.5
62,117.5
89,117.5
226,117.5
246,117.5
10,118.5
42,118.5
74,118.5
111,118.5
164,118.5
194,118.5
207,118.5
235,118.5
98,119.5
146,119.5
30,120.5
130,120.5
218,120.5
18,121.5
50,121.5
176,121.5
2,122.5
158,122.5
187,122.5
202,122.5
65,123.5
79,123.5
122,123.5
246,123.5
34,124.5
90,124.5
109,124.5
140,124.5
234,124.5
153,125.5
170,125.5
219,125.5
10,126.5
54,126.5
99,126.5
22,127.5
40,127.5
71,127.5
133,127.5
206,127.5
2,128.5
180,128.5
192,128.5
227,128.5
245,128.5
106,129.5
122,129.5
213,129.5
30,130.5
62,130.5
76,130.5
91,130.5
138,130.5
152,130.5
167,130.5
48,131.5
199,131.5
11,132.5
117,132.5
237,132.5
22,133.5
177,133.5
252,133.5
84,134.5
99,134.5
162,134.5
212,134.5
227,134.5
43,135.5
59,135.5
130,135.5
144,135.5
196,135.5
116,136.5
185,136.5
14,137.5
31,137.5
75,137.5
155,137.5
251,137.5
63,138.5
90,138.5
106,138.5
173,138.5
203,138.5
235,138.5
128,139.5
223,139.5
39,140.5
11,141.5
26,141.5
82,141.5
146,141.5
160,141.5
212,141.5
242,141.5
255,141.5
46,142.5
114,142.5
184,142.5
61,143.5
74,143.5
95,143.5
138,143.5
171,143.5
127,144.5
204,144.5
222,144.5
50,145.5
106,145.5
190,145.5
238,145.5
14,146.5
255,146.5
23,147.5
39,147.5
150,147.5
164,147.5
178,147.5
68,148.5
84,148.5
98,148.5
116,148.5
212,148.5
227,148.5
54,149.5
129,149.5
141,149.5
197,149.5
245,149.5
8,150.5
31,150.5
77,151.5
107,151.5
160,151.5
187,151.5
61,152.5
173,152.5
205,152.5
219,152.5
236,152.5
121,153.5
151,153.5
250,153.5
25,154.5
39,154.5
96,154.5
7,155.5
82,155.5
111,155.5
230,155.5
48,156.5
127,156.5
143,156.5
167,156.5
182,156.5
198,156.5
17,157.5
61,157.5
73,157.5
216,157.5
33,158.5
89,158.5
155,158.5
241,158.5
255,158.5
104,159.5
136,159.5
207,159.5
10,160.5
177,160.5
190,160.5
223,160.5
55,161.5
23,162.5
43,162.5
82,162.5
97,162.5
113,162.5
125,162.5
163,162.5
233,162.5
249,162.5
145,163.5
72,164.5
199,164.5
0,165.5
31,165.5
62,165.5
134,165.5
156,165.5
171,165.5
186,165.5
209,165.5
13,166.5
89,166.5
221,166.5
238,166.5
52,167.5
101,167.5
123,167.5
40,168.5
112,168.5
146,168.5
23,169.5
189,169.5
248,169.5
9,170.5
69,170.5
167,170.5
200,170.5
228,170.5
90,171.5
138,171.5
218,171.5
32,172.5
46,172.5
78,172.5
124,172.5
156,172.5
184,172.5
240,172.5
1,173.5
62,173.5
108,173.5
173,173.5
208,173.5
19,174.5
54,175.5
99,175.5
117,175.5
148,175.5
231,175.5
38,176.5
86,176.5
133,176.5
248,176.5
167,177.5
186,177.5
201,177.5
217,177.5
16,178.5
75,178.5
0,179.5
31,179.5
61,179.5
94,179.5
139,179.5
156,179.5
179,179.5
47,180.5
108,180.5
126,180.5
193,180.5
224,180.5
240,180.5
208,181.5
69,182.5
9,183.5
25,183.5
85,183.5
117,183.5
148,183.5
171,183.5
233,184.5
46,185.5
94,185.5
138,185.5
162,185.5
194,185.5
222,185.5
242,185.5
255,185.5
32,186.5
62,186.5
78,186.5
110,186.5
179,186.5
210,186.5
17,187.5
150,188.5
54,189.5
71,189.5
102,189.5
118,189.5
132,189.5
200,189.5
247,189.5
7,190.5
39,190.5
169,190.5
185,190.5
216,190.5
232,190.5
28,191.5
91,191.5
15,192.5
79,192.5
123,192.5
142,192.5
157,192.5
0,193.5
45,193.5
62,193.5
176,193.5
208,193.5
103,194.5
192,194.5
224,194.5
240,194.5
133,195.5
27,196.5
54,196.5
72,196.5
146,196.5
165,196.5
249,196.5
15,197.5
85,197.5
109,197.5
186,197.5
218,197.5
127,198.5
156,198.5
201,198.5
234,198.5
32,199.5
63,199.5
95,199.5
116,199.5
45,200.5
177,200.5
3,201.5
146,201.5
212,201.5
248,201.5
21,202.5
73,202.5
89,202.5
163,202.5
194,202.5
226,202.5
55,203.5
136,203.5
9,204.5
43,204.5
104,204.5
118,204.5
203,204.5
29,205.5
82,205.5
170,205.5
184,205.5
217,205.5
234,205.5
125,206.5
152,206.5
246,206.5
18,207.5
61,207.5
96,207.5
192,208.5
5,209.5
38,209.5
72,209.5
135,209.5
161,209.5
176,209.5
53,210.5
89,210.5
104,210.5
121,210.5
146,210.5
207,210.5
221,210.5
26,211.5
237,211.5
250,211.5
65,213.5
114,213.5
167,213.5
183,213.5
197,213.5
229,213.5
3,214.5
15,214.5
44,214.5
130,214.5
74,215.5
86,215.5
147,215.5
158,215.5
207,215.5
31,216.5
56,216.5
95,216.5
219,216.5
106,217.5
137,217.5
236,217.5
251,217.5
19,218.5
40,218.5
118,218.5
168,218.5
199,218.5
80,219.5
185,219.5
65,220.5
213,220.5
243,220.5
9,221.5
52,221.5
129,221.5
177,221.5
228,221.5
30,222.5
92,222.5
107,222.5
148,222.5
161,222.5
192,222.5
76,223.5
138,223.5
254,223.5
17,224.5
45,224.5
122,224.5
207,224.5
222,224.5
100,225.5
242,225.5
69,226.5
157,226.5
6,227.5
57,227.5
114,227.5
168,227.5
179,227.5
197,227.5
230,227.5
26,228.5
38,228.5
91,228.5
128,228.5
145,228.5
47,229.5
79,229.5
188,229.5
253,229.5
16,230.5
204,230.5
219,230.5
239,230.5
103,231.5
137,231.5
155,231.5
68,232.5
118,232.5
86,233.5
165,233.5
185,233.5
212,233.5
9,234.5
25,234.5
40,234.5
56,234.5
175,234.5
233,234.5
249,234.5
94,235.5
129,235.5
143,235.5
63,236.5
108,236.5
192,236.5
223,236.5
1,237.5
33,237.5
79,237.5
155,237.5
17,238.5
49,238.5
119,238.5
203,238.5
241,238.5
100,239.5
183,239.5
215,239.5
69,240.5
132,240.5
164,240.5
25,241.5
40,241.5
226,241.5
249,241.5
76,242.5
90,242.5
153,242.5
175,242.5
109,243.5
122,243.5
142,243.5
191,243.5
209,243.5
2,244.5
16,244.5
50,244.5
242,244.5
33,245.5
64,245.5
99,245.5
131,245.5
201,245.5
232,245.5
170,246.5
219,246.5
79,247.5
160,247.5
3,248.5
24,248.5
44,248.5
57,248.5
107,248.5
181,248.5
91,249.5
123,249.5
139,249.5
151,249.5
194,249.5
14,250.5
229,250.5
243,250.5
65,251.5
81,251.5
113,251.5
204,251.5
34,252.5
187,252.5
218,252.5
2,253.5
51,253.5
98,253.5
130,253.5
170,253.5
74,254.5
147,254.5
159,254.5
233,254.5
23,255.5
104,255.5
178,255.5
210,255.5
249,255.5
